"","FFL","No_FFL","PP","PM","PN","NP","NM","NN","MP","MM2","MM1","MN","NonPl_X"
"1",1,0,0.131687242798354,0.137174211248285,0.0260631001371742,0.0713305898491083,0.102880658436214,0.0356652949245542,0.205761316872429,0.123456790123457,0.11522633744856,0.0507544581618655,0
"2",1,0,0.0477815699658703,0.167235494880546,0.0921501706484641,0.0136518771331058,0.0921501706484641,0.098976109215017,0.0511945392491468,0.150170648464164,0.102389078498293,0.184300341296928,0
"3",1,0,0.0163934426229508,0.155737704918033,0.163934426229508,0.00819672131147541,0.0983606557377049,0.0983606557377049,0.0245901639344262,0.10655737704918,0.122950819672131,0.204918032786885,0
"4",1,0,0.117647058823529,0.191176470588235,0.0147058823529412,0.117647058823529,0.132352941176471,0,0.147058823529412,0.117647058823529,0.147058823529412,0.0147058823529412,0
"5",1,0,0.0133333333333333,0.106666666666667,0.133333333333333,0.0133333333333333,0.113333333333333,0.106666666666667,0.0266666666666667,0.12,0.18,0.186666666666667,0
"6",1,0,0.0517836593785961,0.136939010356732,0.0817031070195628,0.0414269275028769,0.100115074798619,0.0667433831990794,0.090909090909091,0.148446490218642,0.12313003452244,0.158803222094361,0
"7",1,0,0.225563909774436,0.0977443609022556,0,0.105263157894737,0.037593984962406,0.0075187969924812,0.293233082706767,0.135338345864662,0.0902255639097744,0.0075187969924812,0
"8",0,1,0,0,0,0,0,0,0,0,0,0,0
"9",1,0,0.116935483870968,0.149193548387097,0.0201612903225806,0.125,0.0604838709677419,0,0.290322580645161,0.0725806451612903,0.145161290322581,0.0201612903225806,0
"10",1,0,0.4,0,0,0,0,0,0.6,0,0,0,0
"11",1,0,0,0.24,0.2,0,0.08,0.04,0,0.12,0.08,0.24,0
"12",1,0,0.0465116279069767,0.27906976744186,0.0465116279069767,0.0232558139534884,0.0465116279069767,0,0.0930232558139535,0.162790697674419,0.162790697674419,0.13953488372093,0
"13",1,0,0,0.222222222222222,0.222222222222222,0,0,0.0555555555555556,0,0.166666666666667,0,0.333333333333333,0
"14",1,0,0,0.117647058823529,0.235294117647059,0,0,0.0588235294117647,0,0,0,0.588235294117647,0
"15",1,0,0.0555555555555556,0.160130718954248,0.0588235294117647,0.0196078431372549,0.0947712418300654,0.0751633986928105,0.0882352941176471,0.19281045751634,0.127450980392157,0.127450980392157,0
"16",1,0,0.0759493670886076,0.177215189873418,0.0506329113924051,0.0886075949367089,0.0632911392405063,0,0.20253164556962,0.10126582278481,0.215189873417722,0.0253164556962025,0
"17",1,0,0.181528662420382,0.121019108280255,0.00636942675159236,0.0764331210191083,0.0828025477707006,0.00318471337579618,0.273885350318471,0.143312101910828,0.089171974522293,0.0222929936305732,0
"18",1,0,0.0555555555555556,0.444444444444445,0.0555555555555556,0,0.111111111111111,0,0.111111111111111,0.166666666666667,0.0555555555555556,0,0
"19",0,1,0,0,0,0,0,0,0,0,0,0,0
"20",1,0,0.103448275862069,0.162758620689655,0.0620689655172413,0.117241379310345,0.0703448275862069,0.0096551724137931,0.234482758620689,0.0551724137931034,0.136551724137931,0.0482758620689655,0
"21",1,0,0,0.173076923076923,0.153846153846154,0.0192307692307692,0.115384615384615,0.0769230769230769,0.0192307692307692,0.0576923076923077,0.153846153846154,0.230769230769231,0
"22",1,0,0.00680272108843537,0.108843537414966,0.0476190476190476,0.0408163265306122,0.149659863945578,0.0884353741496598,0.0816326530612245,0.129251700680272,0.19047619047619,0.156462585034014,0
"23",1,0,0.0638297872340425,0.151975683890578,0.033434650455927,0.0547112462006079,0.109422492401216,0.0759878419452888,0.109422492401216,0.167173252279635,0.124620060790274,0.109422492401216,0
"24",1,0,0.0430769230769231,0.12,0.0492307692307692,0.0861538461538461,0.156923076923077,0.0246153846153846,0.163076923076923,0.129230769230769,0.16,0.0676923076923077,0
"25",1,0,0.0233918128654971,0.105263157894737,0.0526315789473684,0.064327485380117,0.169590643274854,0.0760233918128655,0.0760233918128655,0.146198830409357,0.12280701754386,0.16374269005848,0
"26",1,0,0.0617977528089888,0.168539325842697,0.103932584269663,0.0449438202247191,0.103932584269663,0.0421348314606742,0.0646067415730337,0.106741573033708,0.157303370786517,0.146067415730337,0
"27",1,0,0.106766917293233,0.150375939849624,0.0330827067669173,0.0691729323308271,0.120300751879699,0.0270676691729323,0.171428571428571,0.138345864661654,0.118796992481203,0.0646616541353384,0
"28",1,0,0,0.222222222222222,0.333333333333333,0,0,0,0,0.222222222222222,0.222222222222222,0,0
"29",1,0,0.0144927536231884,0.217391304347826,0.231884057971015,0,0,0.0869565217391304,0,0.101449275362319,0.0289855072463768,0.318840579710145,0
"30",1,0,0,0,1,0,0,0,0,0,0,0,0
"31",0,1,0,0,0,0,0,0,0,0,0,0,0
"32",1,0,0,0.272727272727273,0.272727272727273,0,0,0.0454545454545455,0,0.0454545454545455,0,0.363636363636364,0
"33",1,0,0.583333333333333,0,0,0,0,0,0.166666666666667,0.25,0,0,0
"34",1,0,0,1,0,0,0,0,0,0,0,0,0
"35",1,0,0,0.4,0,0,0,0,0,0.2,0.2,0.2,0
"36",0,1,0,0,0,0,0,0,0,0,0,0,0
"37",0,1,0,0,0,0,0,0,0,0,0,0,0
"38",0,1,0,0,0,0,0,0,0,0,0,0,0
"39",1,0,0.0825688073394494,0.128440366972477,0.033256880733945,0.0837155963302751,0.145642201834862,0.0412844036697248,0.173165137614678,0.130733944954128,0.113532110091743,0.0676605504587156,0
"40",1,0,0,0.0238095238095238,0.285714285714286,0.0238095238095238,0.0833333333333333,0.0952380952380952,0.0238095238095238,0.0595238095238095,0.154761904761905,0.25,0
"41",1,0,0.0313253012048193,0.15421686746988,0.0987951807228916,0.0698795180722892,0.137349397590362,0.0481927710843373,0.091566265060241,0.0867469879518073,0.173493975903614,0.108433734939759,0
"42",1,0,0,0,0.155555555555556,0,0.0222222222222222,0.288888888888889,0,0,0.0222222222222222,0.511111111111111,0
"43",1,0,0,0,0.184210526315789,0,0,0.210526315789474,0,0,0,0.605263157894737,0
"44",1,0,0.0105263157894737,0.115789473684211,0.105263157894737,0.0105263157894737,0.147368421052632,0.105263157894737,0,0.0947368421052632,0.136842105263158,0.273684210526316,0
"45",1,0,0.00947867298578199,0.132701421800948,0.0900473933649289,0.023696682464455,0.170616113744076,0.0805687203791469,0.037914691943128,0.0995260663507109,0.132701421800948,0.222748815165877,0
"46",1,0,0.0626865671641791,0.11044776119403,0.0388059701492537,0.0656716417910448,0.158208955223881,0.0507462686567164,0.116417910447761,0.155223880597015,0.122388059701493,0.119402985074627,0
"47",1,0,0.0256410256410256,0.0769230769230769,0.0683760683760684,0.0854700854700855,0.153846153846154,0.0854700854700855,0.00854700854700855,0.136752136752137,0.170940170940171,0.188034188034188,0
"48",1,0,0,0.0882352941176471,0.470588235294118,0,0,0.0588235294117647,0,0,0,0.382352941176471,0
"49",0,1,0,0,0,0,0,0,0,0,0,0,0
"50",1,0,0.0672268907563025,0.159663865546218,0.109243697478992,0.0672268907563025,0.0672268907563025,0,0.142857142857143,0.0504201680672269,0.277310924369748,0.0588235294117647,0
"51",0,1,0,0,0,0,0,0,0,0,0,0,0
"52",0,1,0,0,0,0,0,0,0,0,0,0,0
"53",1,0,0.0253164556962025,0.189873417721519,0.0886075949367089,0,0.126582278481013,0.113924050632911,0.0632911392405063,0.151898734177215,0.10126582278481,0.139240506329114,0
"54",1,0,0.0925266903914591,0.131672597864769,0.0213523131672598,0.0711743772241993,0.167259786476868,0.0320284697508897,0.195729537366548,0.142348754448399,0.099644128113879,0.0462633451957295,0
"55",1,0,0,0,0.293103448275862,0,0.0689655172413793,0.137931034482759,0,0.0517241379310345,0.120689655172414,0.327586206896552,0
"56",1,0,0.0647482014388489,0.215827338129497,0.0503597122302158,0.0719424460431655,0.115107913669065,0.0143884892086331,0.122302158273381,0.100719424460432,0.143884892086331,0.100719424460432,0
"57",1,0,0,0.0588235294117647,0.411764705882353,0,0,0.235294117647059,0,0,0,0.294117647058824,0
"58",1,0,0.0697674418604651,0.27906976744186,0.116279069767442,0.0697674418604651,0.0930232558139535,0,0.0930232558139535,0.0465116279069767,0.186046511627907,0.0465116279069767,0
"59",1,0,0.0704545454545454,0.109090909090909,0.0261363636363636,0.0829545454545454,0.148863636363636,0.0556818181818182,0.16590909090909,0.135227272727272,0.113636363636363,0.0920454545454544,0
"60",1,0,0.0227272727272727,0.136363636363636,0.136363636363636,0,0,0.181818181818182,0,0.181818181818182,0,0.340909090909091,0
"61",1,0,0.0169491525423729,0.186440677966102,0.11864406779661,0,0.0847457627118644,0.135593220338983,0.0338983050847458,0.0508474576271186,0.101694915254237,0.271186440677966,0
"62",1,0,0,1,0,0,0,0,0,0,0,0,0
"63",1,0,0.0505689001264223,0.1378002528445,0.0505689001264223,0.0568900126422251,0.132743362831858,0.0530973451327434,0.132743362831858,0.131479140328698,0.128950695322376,0.125158027812895,0
"64",1,0,0.0335195530726257,0.134078212290503,0.106145251396648,0.0335195530726257,0.106145251396648,0.0558659217877095,0.0782122905027933,0.106145251396648,0.173184357541899,0.173184357541899,0
"65",1,0,0.104575163398693,0.137254901960784,0.0228758169934641,0.0915032679738562,0.11437908496732,0.0196078431372549,0.163398692810457,0.133986928104575,0.15359477124183,0.0588235294117647,0
"66",1,0,0,0.137931034482759,0.103448275862069,0.0344827586206897,0.172413793103448,0.0689655172413793,0,0.172413793103448,0.206896551724138,0.103448275862069,0
"67",1,0,0,0,1,0,0,0,0,0,0,0,0
"68",1,0,0.025,0.275,0.125,0,0.05,0.075,0.025,0.15,0.1,0.175,0
"69",1,0,0.141414141414141,0.171717171717172,0.0202020202020202,0.101010101010101,0.0808080808080808,0,0.181818181818182,0.171717171717172,0.101010101010101,0.0303030303030303,0
"70",1,0,0.0212765957446809,0.170212765957447,0.127659574468085,0.0851063829787234,0.0638297872340425,0.0425531914893617,0.0638297872340425,0.0851063829787234,0.234042553191489,0.106382978723404,0
"71",1,0,0,0.122448979591837,0.224489795918367,0,0,0.163265306122449,0,0.0612244897959184,0,0.428571428571429,0
"72",1,0,0,0,0.4,0,0,0.171428571428571,0,0,0,0.428571428571429,0
"73",1,0,1,0,0,0,0,0,0,0,0,0,0
"74",0,1,0,0,0,0,0,0,0,0,0,0,0
"75",1,0,0.0185185185185185,0.0925925925925926,0.148148148148148,0.037037037037037,0.166666666666667,0.0925925925925926,0.0185185185185185,0.037037037037037,0.222222222222222,0.166666666666667,0
"76",1,0,0.152709359605911,0.187192118226601,0.0443349753694581,0.0295566502463054,0.0738916256157635,0.0197044334975369,0.187192118226601,0.147783251231527,0.0935960591133005,0.0640394088669951,0
"77",1,0,0.0886075949367089,0.278481012658228,0.113924050632911,0.00632911392405063,0.069620253164557,0.0253164556962025,0.0632911392405063,0.126582278481013,0.0949367088607595,0.132911392405063,0
"78",1,0,0.0892018779342723,0.167449139280125,0.0594679186228482,0.0391236306729265,0.0938967136150234,0.0469483568075118,0.114241001564945,0.145539906103286,0.109546165884194,0.134585289514867,0
"79",0,1,0,0,0,0,0,0,0,0,0,0,0
"80",1,0,0.138983050847458,0.220338983050848,0.064406779661017,0.0372881355932203,0.0677966101694915,0.0135593220338983,0.132203389830509,0.128813559322034,0.122033898305085,0.0745762711864407,0
"81",0,1,0,0,0,0,0,0,0,0,0,0,0
"82",1,0,0,0,0.363636363636364,0,0,0,0,0,0,0.636363636363636,0
"83",1,0,0.333333333333333,0,0,0.208333333333333,0,0,0.458333333333333,0,0,0,0
"84",0,1,0,0,0,0,0,0,0,0,0,0,0
"85",1,0,0,0.333333333333333,0.166666666666667,0,0,0,0,0.333333333333333,0.166666666666667,0,0
"86",1,0,0.0273972602739726,0.143835616438356,0.116438356164384,0.0513698630136986,0.0993150684931507,0.0547945205479452,0.0513698630136986,0.0958904109589041,0.178082191780822,0.181506849315069,0
"87",1,0,0.0238095238095238,0.19047619047619,0.142857142857143,0,0.119047619047619,0.0714285714285714,0.0476190476190476,0.0476190476190476,0.142857142857143,0.214285714285714,0
"88",1,0,0,0.0819672131147541,0.19672131147541,0,0.0409836065573771,0.163934426229508,0,0.0573770491803279,0.0245901639344262,0.434426229508197,0
"89",1,0,0.0357142857142857,0.142857142857143,0.142857142857143,0,0,0.142857142857143,0,0.0714285714285714,0.0357142857142857,0.428571428571428,0
"90",1,0,0,0,0.384615384615385,0,0,0,0,0,0.230769230769231,0.384615384615385,0
"91",1,0,0,0,0.285714285714286,0,0,0,0,0,0,0.714285714285714,0
"92",1,0,0,0,0,0,0,0.333333333333333,0,0,0,0.666666666666667,0
"93",1,0,0,0,0.318181818181818,0,0.0454545454545455,0.0454545454545455,0,0.0909090909090909,0.0454545454545455,0.454545454545455,0
"94",1,0,0.0267857142857143,0.214285714285714,0.205357142857143,0.00892857142857143,0.0625,0.0803571428571428,0.0446428571428571,0.0982142857142857,0.107142857142857,0.151785714285714,0
"95",1,0,0.00735294117647059,0.147058823529412,0.264705882352941,0.00735294117647059,0.0294117647058824,0.102941176470588,0,0.102941176470588,0.0808823529411765,0.257352941176471,0
"96",0,1,0,0,0,0,0,0,0,0,0,0,0
"97",1,0,0,0,0,0,0,0,0,0,0,1,0
"98",1,0,0,0,0.230769230769231,0,0,0.153846153846154,0,0,0,0.615384615384615,0
"99",1,0,0.0235294117647059,0.0941176470588235,0.117647058823529,0.0352941176470588,0.105882352941176,0.129411764705882,0.0352941176470588,0.176470588235294,0.141176470588235,0.141176470588235,0
"100",1,0,0,0.147727272727273,0.318181818181818,0.0113636363636364,0.0795454545454546,0.0568181818181818,0,0.0227272727272727,0.125,0.238636363636364,0
"101",1,0,0.0662020905923345,0.222996515679442,0.0836236933797909,0.0313588850174216,0.0836236933797909,0.024390243902439,0.121951219512195,0.111498257839721,0.167247386759582,0.0871080139372822,0
"102",1,0,0.125,0.3125,0.1875,0.0625,0,0,0,0.1875,0.125,0,0
"103",1,0,0.0396825396825397,0.206349206349206,0.162698412698413,0.00793650793650794,0.0873015873015873,0.0595238095238095,0.0198412698412698,0.0912698412698413,0.115079365079365,0.21031746031746,0
"104",1,0,0.0448275862068966,0.135632183908046,0.116091954022988,0.0160919540229885,0.0885057471264366,0.122988505747126,0.0425287356321839,0.106896551724138,0.0804597701149424,0.245977011494252,0
"105",1,0,0.0186721991701245,0.116182572614108,0.0892116182572615,0.020746887966805,0.116182572614108,0.112033195020747,0.0477178423236514,0.145228215767635,0.12448132780083,0.20954356846473,0
"106",1,0,0,0,0.333333333333333,0,0,0.333333333333333,0,0,0,0.333333333333333,0
"107",1,0,0,0.153846153846154,0.153846153846154,0,0.0769230769230769,0,0,0.0769230769230769,0.153846153846154,0.384615384615385,0
"108",1,0,0.0543478260869565,0.293478260869565,0.173913043478261,0,0.0434782608695652,0,0.0760869565217391,0.0760869565217391,0.141304347826087,0.141304347826087,0
"109",1,0,0.0631868131868132,0.162087912087912,0.0631868131868132,0.0302197802197802,0.120879120879121,0.0796703296703297,0.0714285714285714,0.159340659340659,0.104395604395604,0.145604395604396,0
"110",1,0,0.0545454545454546,0.186363636363636,0.0954545454545455,0.0181818181818182,0.104545454545455,0.0636363636363636,0.0590909090909091,0.1,0.118181818181818,0.2,0
"111",1,0,0.0291970802919708,0.18978102189781,0.145985401459854,0.0364963503649635,0.0875912408759124,0.0218978102189781,0.0875912408759124,0.0583941605839416,0.211678832116788,0.131386861313869,0
"112",1,0,0.0566801619433198,0.150607287449393,0.0906882591093117,0.0599190283400809,0.0979757085020242,0.037246963562753,0.112550607287449,0.0963562753036437,0.17004048582996,0.127935222672065,0
"113",1,0,0,0.116279069767442,0.209302325581395,0,0.116279069767442,0.0697674418604651,0,0.0697674418604651,0.116279069767442,0.302325581395349,0
"114",1,0,0.0576923076923077,0.126923076923077,0.0230769230769231,0.0653846153846154,0.15,0.0423076923076923,0.126923076923077,0.153846153846154,0.15,0.103846153846154,0
"115",1,0,0,0.0983606557377049,0.131147540983607,0,0.0491803278688525,0.0983606557377049,0,0.114754098360656,0.114754098360656,0.39344262295082,0
"116",1,0,0,0,0.25,0,0.125,0.25,0,0,0,0.375,0
"117",1,0,0,0,0.666666666666667,0,0,0,0,0,0,0.333333333333333,0
"118",1,0,0.133333333333333,0.466666666666667,0.133333333333333,0,0.0333333333333333,0,0.1,0,0.133333333333333,0,0
"119",1,0,0.0277777777777778,0.138888888888889,0.138888888888889,0,0.138888888888889,0.0555555555555556,0.0277777777777778,0.111111111111111,0.25,0.111111111111111,0
"120",0,1,0,0,0,0,0,0,0,0,0,0,0
"121",1,0,0,0.169491525423729,0.220338983050848,0,0.0677966101694915,0.101694915254237,0,0.0677966101694915,0.0508474576271186,0.322033898305085,0
"122",1,0,0,0,0.285714285714286,0,0,0.214285714285714,0,0,0,0.5,0
"123",1,0,0.0454545454545455,0.227272727272727,0.0909090909090909,0.0606060606060606,0.0757575757575758,0,0.181818181818182,0.0151515151515152,0.257575757575757,0.0454545454545455,0
"124",1,0,0.0717488789237668,0.143497757847534,0.0179372197309417,0.0941704035874439,0.134529147982063,0.00896860986547085,0.188340807174888,0.103139013452915,0.165919282511211,0.0717488789237668,0
"125",0,1,0,0,0,0,0,0,0,0,0,0,0
"126",1,0,0,0,1,0,0,0,0,0,0,0,0
"127",0,1,0,0,0,0,0,0,0,0,0,0,0
"128",1,0,0.0761904761904762,0.276190476190476,0.114285714285714,0.00952380952380952,0.0666666666666667,0.00952380952380952,0.0857142857142857,0.123809523809524,0.104761904761905,0.133333333333333,0
"129",1,0,0.0461760461760462,0.165945165945166,0.105339105339105,0.0230880230880231,0.0836940836940836,0.0606060606060606,0.062049062049062,0.144300144300144,0.10966810966811,0.199134199134199,0
"130",1,0,0,0.0263157894736842,0.184210526315789,0,0.105263157894737,0.144736842105263,0,0.0263157894736842,0.0789473684210526,0.434210526315789,0
"131",1,0,0,0.0952380952380952,0.142857142857143,0,0.0476190476190476,0.119047619047619,0,0.0714285714285714,0.0476190476190476,0.476190476190476,0
"132",1,0,0.0125,0.104166666666667,0.0708333333333333,0.0333333333333333,0.1625,0.108333333333333,0.0375,0.120833333333333,0.129166666666667,0.220833333333334,0
"133",1,0,0.0198019801980198,0.138613861386139,0.108910891089109,0,0.108910891089109,0.138613861386139,0.0099009900990099,0.108910891089109,0.148514851485149,0.217821782178218,0
"134",1,0,0.0108695652173913,0.152173913043478,0.0760869565217391,0.0217391304347826,0.173913043478261,0.141304347826087,0.0326086956521739,0.184782608695652,0.0978260869565217,0.108695652173913,0
"135",1,0,0,0.333333333333333,0,0,0,0,0,0,0.333333333333333,0.333333333333333,0
"136",1,0,0.0217391304347826,0.217391304347826,0.304347826086956,0,0.0434782608695652,0.0217391304347826,0.0434782608695652,0.0869565217391304,0.108695652173913,0.152173913043478,0
"137",1,0,0.112804878048781,0.167682926829268,0.0609756097560976,0.0518292682926829,0.0884146341463415,0.0365853658536585,0.13719512195122,0.143292682926829,0.149390243902439,0.0518292682926829,0
"138",1,0,0.0760456273764259,0.174904942965779,0.11596958174905,0.0418250950570342,0.064638783269962,0.0361216730038023,0.0931558935361217,0.123574144486692,0.163498098859315,0.110266159695818,0
"139",1,0,0.0849673202614379,0.238562091503268,0.0947712418300654,0.0228758169934641,0.0555555555555556,0.0196078431372549,0.0980392156862746,0.15359477124183,0.111111111111111,0.120915032679739,0
"140",1,0,0.0486486486486487,0.167567567567568,0.178378378378378,0.00540540540540541,0.0378378378378378,0.0648648648648649,0.0432432432432432,0.151351351351351,0.124324324324324,0.178378378378378,0
"141",0,1,0,0,0,0,0,0,0,0,0,0,0
"142",1,0,0.0211267605633803,0.225352112676056,0.133802816901408,0.0140845070422535,0.0985915492957747,0.0985915492957747,0.0140845070422535,0.133802816901408,0.112676056338028,0.147887323943662,0
"143",1,0,0,0.5,0.125,0,0,0,0,0.25,0,0.125,0
"144",1,0,0,0.113924050632911,0.126582278481013,0.0126582278481013,0.113924050632911,0.0759493670886076,0.0126582278481013,0.139240506329114,0.139240506329114,0.265822784810127,0
"145",0,1,0,0,0,0,0,0,0,0,0,0,0
"146",1,0,0,0.5,0,0,0,0,0,0,0.5,0,0
"147",1,0,0,0,0.5,0,0,0,0,0,0,0.5,0
"148",1,0,0,0.4,0.1,0,0.1,0,0,0.2,0.1,0.1,0
"149",1,0,0.020979020979021,0.111888111888112,0.132867132867133,0.027972027972028,0.0979020979020979,0.048951048951049,0.048951048951049,0.111888111888112,0.20979020979021,0.188811188811189,0
"150",1,0,0.00917431192660551,0.110091743119266,0.174311926605505,0,0.055045871559633,0.137614678899083,0.018348623853211,0.0917431192660551,0.0825688073394495,0.321100917431193,0
"151",1,0,0,0.571428571428571,0.428571428571429,0,0,0,0,0,0,0,0
"152",1,0,0,0.113207547169811,0.19811320754717,0,0.0849056603773585,0.113207547169811,0,0.0943396226415094,0.113207547169811,0.283018867924528,0
"153",1,0,0,0.0125,0.2375,0,0.05,0.175,0,0.05,0.1375,0.3375,0
"154",1,0,0,0.5,0,0,0,0,0,0,0.5,0,0
"155",0,1,0,0,0,0,0,0,0,0,0,0,0
"156",0,1,0,0,0,0,0,0,0,0,0,0,0
"157",1,0,0.263157894736842,0.0982456140350877,0.00350877192982456,0.0526315789473684,0.056140350877193,0.00350877192982456,0.340350877192983,0.112280701754386,0.0526315789473684,0.0175438596491228,0
"158",0,1,0,0,0,0,0,0,0,0,0,0,0
"159",1,0,0,0.25,0.416666666666667,0,0,0,0,0.166666666666667,0.0833333333333333,0.0833333333333333,0
"160",1,0,0.666666666666667,0,0,0,0,0,0.333333333333333,0,0,0,0
"161",1,0,0,0.5,0.5,0,0,0,0,0,0,0,0
"162",1,0,0.0789473684210526,0.157894736842105,0.0263157894736842,0.131578947368421,0.105263157894737,0,0.131578947368421,0.105263157894737,0.236842105263158,0.0263157894736842,0
"163",1,0,0,0.181818181818182,0.181818181818182,0,0,0.181818181818182,0,0.136363636363636,0,0.318181818181818,0
"164",1,0,0.0333333333333333,0.2,0.0888888888888889,0.0111111111111111,0.0944444444444444,0.0388888888888889,0.0777777777777778,0.144444444444444,0.127777777777778,0.183333333333333,0
"165",1,0,0,0.0833333333333333,0.125,0,0.125,0.208333333333333,0.0416666666666667,0.166666666666667,0.125,0.125,0
"166",1,0,0.054726368159204,0.199004975124378,0.0497512437810945,0.0348258706467662,0.134328358208955,0.0646766169154229,0.0796019900497512,0.134328358208955,0.119402985074627,0.129353233830846,0
"167",1,0,0.154098360655738,0.163934426229508,0.0131147540983607,0.0524590163934426,0.101639344262295,0.0295081967213115,0.21311475409836,0.154098360655738,0.0819672131147541,0.0360655737704918,0
"168",0,1,0,0,0,0,0,0,0,0,0,0,0
"169",0,1,0,0,0,0,0,0,0,0,0,0,0
"170",1,0,0.04,0.14,0.0866666666666667,0.04,0.0866666666666667,0.0733333333333333,0.04,0.153333333333333,0.166666666666667,0.173333333333333,0
"171",0,1,0,0,0,0,0,0,0,0,0,0,0
"172",1,0,0.0699300699300699,0.146853146853147,0.034965034965035,0.0559440559440559,0.143356643356643,0.0454545454545455,0.129370629370629,0.136363636363636,0.146853146853147,0.090909090909091,0
"173",1,0,0.0284090909090909,0.142045454545455,0.0795454545454545,0.0170454545454545,0.125,0.0909090909090909,0.0340909090909091,0.147727272727273,0.130681818181818,0.204545454545454,0
"174",0,1,0,0,0,0,0,0,0,0,0,0,0
"175",1,0,0,0.0512820512820513,0.128205128205128,0,0.0256410256410256,0.153846153846154,0,0.205128205128205,0.128205128205128,0.307692307692308,0
"176",1,0,0,0,0.285714285714286,0,0,0.142857142857143,0,0,0,0.571428571428571,0
"177",1,0,0.082857142857143,0.107142857142857,0.0357142857142857,0.0814285714285715,0.131428571428572,0.0357142857142857,0.187142857142857,0.141428571428572,0.117142857142857,0.0800000000000001,0
"178",1,0,0,0,0.407407407407407,0,0.0740740740740741,0.185185185185185,0,0,0,0.333333333333333,0
"179",1,0,0,0,0.333333333333333,0,0,0.208333333333333,0,0,0,0.458333333333333,0
"180",1,0,0.0697674418604651,0.134883720930233,0.0604651162790698,0.0372093023255814,0.116279069767442,0.0325581395348837,0.13953488372093,0.172093023255814,0.148837209302326,0.0883720930232558,0
"181",1,0,0.0837004405286344,0.123348017621145,0.039647577092511,0.114537444933921,0.0748898678414097,0.00881057268722467,0.185022026431718,0.127753303964758,0.198237885462555,0.0440528634361234,0
"182",1,0,0,0,0.25,0,0,0.178571428571429,0,0,0,0.571428571428571,0
"183",1,0,0,0.16,0.08,0,0.2,0.08,0,0.12,0.16,0.2,0
"184",1,0,0.031331592689295,0.151436031331593,0.0574412532637076,0.0339425587467363,0.138381201044386,0.0469973890339426,0.101827676240209,0.143603133159269,0.154046997389034,0.140992167101828,0
"185",0,1,0,0,0,0,0,0,0,0,0,0,0
"186",1,0,0.180555555555556,0,0,0.222222222222222,0.138888888888889,0,0.305555555555556,0.0972222222222222,0.0555555555555556,0,0
"187",1,0,0.0121951219512195,0.121951219512195,0.109756097560976,0.0609756097560976,0.170731707317073,0.0365853658536585,0.0853658536585366,0.0853658536585366,0.195121951219512,0.121951219512195,0
"188",1,0,0.176470588235294,0.176470588235294,0,0.092436974789916,0.0840336134453781,0.00840336134453781,0.252100840336134,0.109243697478992,0.092436974789916,0.00840336134453781,0
"189",0,1,0,0,0,0,0,0,0,0,0,0,0
"190",1,0,0,0.222222222222222,0.333333333333333,0,0,0,0,0.111111111111111,0,0.333333333333333,0
"191",1,0,0.125,0.1875,0,0,0.125,0,0.1875,0.25,0.125,0,0
"192",0,1,0,0,0,0,0,0,0,0,0,0,0
"193",1,0,0,0.428571428571429,0,0,0,0,0.142857142857143,0.142857142857143,0.285714285714286,0,0
"194",0,1,0,0,0,0,0,0,0,0,0,0,0
"195",1,0,0,0,0.2,0,0,0,0,0,0.4,0.4,0
"196",1,0,0.0357142857142857,0.25,0.0357142857142857,0.0357142857142857,0.0357142857142857,0.0357142857142857,0.178571428571429,0.107142857142857,0.25,0.0357142857142857,0
"197",1,0,0,0.5,0,0,0.5,0,0,0,0,0,0
"198",0,1,0,0,0,0,0,0,0,0,0,0,0
"199",1,0,0,0.666666666666667,0.333333333333333,0,0,0,0,0,0,0,0
"200",1,0,0.0833333333333333,0.416666666666667,0,0.0833333333333333,0.25,0,0,0.0833333333333333,0.0833333333333333,0,0
"201",0,1,0,0,0,0,0,0,0,0,0,0,0
"202",0,1,0,0,0,0,0,0,0,0,0,0,0
"203",0,1,0,0,0,0,0,0,0,0,0,0,0
"204",1,0,0.125,0.166666666666667,0.0416666666666667,0.208333333333333,0.25,0,0.166666666666667,0,0.0416666666666667,0,0
"205",1,0,0,0.75,0.25,0,0,0,0,0,0,0,0
"206",0,1,0,0,0,0,0,0,0,0,0,0,0
"207",1,0,0.0423728813559322,0.186440677966102,0.0593220338983051,0.0423728813559322,0.177966101694915,0.0508474576271186,0.0593220338983051,0.101694915254237,0.152542372881356,0.127118644067797,0
"208",1,0,0.0175438596491228,0.0526315789473684,0.157894736842105,0.0350877192982456,0.12280701754386,0.0526315789473684,0.0526315789473684,0.0526315789473684,0.210526315789474,0.245614035087719,0
"209",1,0,0.0589022757697457,0.14859437751004,0.0642570281124498,0.0629183400267738,0.120481927710844,0.0455153949129853,0.140562248995984,0.100401606425703,0.167336010709505,0.0910307898259707,0
"210",1,0,0.107178968655207,0.120323559150657,0.0293225480283114,0.0616784630940343,0.121334681496461,0.0414560161779575,0.185035389282103,0.167846309403438,0.0950455005055613,0.0707785642062689,0
"211",1,0,0,0.11734693877551,0.102040816326531,0.0153061224489796,0.107142857142857,0.112244897959184,0.0204081632653061,0.137755102040816,0.127551020408163,0.260204081632653,0
"212",1,0,0,0.15748031496063,0.149606299212598,0.015748031496063,0.0708661417322835,0.0708661417322835,0.0236220472440945,0.141732283464567,0.141732283464567,0.228346456692913,0
"213",1,0,0.175115207373272,0.0414746543778802,0,0.0875576036866359,0.110599078341014,0.00921658986175115,0.354838709677419,0.161290322580645,0.0506912442396313,0.00921658986175115,0
"214",1,0,0.169811320754717,0.106918238993711,0,0.132075471698113,0.0628930817610063,0,0.361635220125786,0.0628930817610063,0.10377358490566,0,0
"215",1,0,0.0294117647058824,0.191176470588235,0.191176470588235,0.0441176470588235,0.0147058823529412,0.0147058823529412,0.0294117647058824,0.0882352941176471,0.220588235294118,0.176470588235294,0
"216",1,0,0.00970873786407767,0.16504854368932,0.29126213592233,0,0.0388349514563107,0.058252427184466,0.00970873786407767,0.0679611650485437,0.0776699029126213,0.281553398058252,0
"217",1,0,0.0363636363636364,0.181818181818182,0.236363636363636,0,0,0.0909090909090909,0,0.0727272727272727,0,0.381818181818182,0
"218",1,0,0,0,0.545454545454546,0,0,0.0909090909090909,0,0,0,0.363636363636364,0
"219",1,0,0,0.111111111111111,0.222222222222222,0,0.0740740740740741,0.185185185185185,0,0.111111111111111,0.0740740740740741,0.222222222222222,0
"220",0,1,0,0,0,0,0,0,0,0,0,0,0
"221",1,0,0.0526315789473684,0.263157894736842,0.0526315789473684,0.105263157894737,0,0,0.315789473684211,0,0.210526315789474,0,0
"222",1,0,0.0252525252525253,0.116161616161616,0.207070707070707,0.00505050505050505,0.0606060606060606,0.121212121212121,0.0101010101010101,0.126262626262626,0.0606060606060606,0.267676767676768,0
"223",1,0,0.666666666666667,0,0,0,0.333333333333333,0,0,0,0,0,0
"224",1,0,0,0,1,0,0,0,0,0,0,0,0
"225",1,0,0.147208121827411,0.111675126903553,0.0152284263959391,0.0812182741116751,0.137055837563452,0.0203045685279188,0.126903553299492,0.16243654822335,0.131979695431472,0.065989847715736,0
"226",1,0,0.2,0.4,0,0,0,0,0,0.4,0,0,0
"227",0,1,0,0,0,0,0,0,0,0,0,0,0
"228",0,1,0,0,0,0,0,0,0,0,0,0,0
"229",0,1,0,0,0,0,0,0,0,0,0,0,0
"230",0,1,0,0,0,0,0,0,0,0,0,0,0
"231",0,1,0,0,0,0,0,0,0,0,0,0,0
"232",1,0,0.0591715976331361,0.13905325443787,0.0857988165680474,0.0562130177514793,0.103550295857988,0.091715976331361,0.0680473372781065,0.115384615384615,0.0828402366863906,0.198224852071006,0
"233",0,1,0,0,0,0,0,0,0,0,0,0,0
"234",1,0,0.12,0.28,0.04,0,0.08,0.04,0.04,0.24,0,0.16,0
"235",1,0,0,0,1,0,0,0,0,0,0,0,0
"236",0,1,0,0,0,0,0,0,0,0,0,0,0
"237",1,0,0,0,0.4,0,0.3,0.1,0,0,0,0.2,0
"238",1,0,0.0454545454545455,0.116883116883117,0.051948051948052,0.0324675324675325,0.136363636363636,0.103896103896104,0.0454545454545455,0.168831168831169,0.136363636363636,0.162337662337662,0
"239",1,0,0.00934579439252336,0.168224299065421,0.121495327102804,0.0467289719626168,0.130841121495327,0.11214953271028,0.0280373831775701,0.102803738317757,0.186915887850467,0.0934579439252336,0
"240",1,0,0,0.333333333333333,0.277777777777778,0,0,0,0,0.111111111111111,0,0.277777777777778,0
"241",0,1,0,0,0,0,0,0,0,0,0,0,0
"242",1,0,0.0254777070063694,0.10828025477707,0.0191082802547771,0.0700636942675159,0.203821656050955,0.0764331210191083,0.10828025477707,0.152866242038217,0.121019108280255,0.114649681528662,0
"243",1,0,0.0446428571428571,0.151785714285714,0.0714285714285714,0.00892857142857143,0.0892857142857143,0.107142857142857,0.0267857142857143,0.178571428571429,0.125,0.196428571428571,0
"244",1,0,0.11271676300578,0.15028901734104,0.0289017341040462,0.0924855491329479,0.101156069364162,0.0173410404624277,0.187861271676301,0.127167630057803,0.132947976878613,0.0491329479768786,0
"245",1,0,0.0998080614203454,0.136276391554702,0.0230326295585413,0.0690978886756238,0.0959692898272552,0.0403071017274472,0.178502879078695,0.168905950095969,0.117082533589251,0.0710172744721689,0
"246",0,1,0,0,0,0,0,0,0,0,0,0,0
"247",1,0,0.0119760479041916,0.143712574850299,0.155688622754491,0.0119760479041916,0.0658682634730539,0.0838323353293413,0.0359281437125748,0.0778443113772455,0.101796407185629,0.311377245508982,0
"248",1,0,0,0,0.153846153846154,0,0.115384615384615,0.0769230769230769,0,0,0.153846153846154,0.5,0
"249",1,0,0.0104166666666667,0.0833333333333333,0.03125,0.09375,0.197916666666667,0.0416666666666667,0.135416666666667,0.135416666666667,0.1875,0.0833333333333333,0
"250",1,0,0.0817843866171003,0.115241635687732,0.0185873605947955,0.0855018587360594,0.133828996282528,0.0297397769516729,0.223048327137547,0.133828996282528,0.100371747211896,0.0780669144981412,0
"251",1,0,0,0.333333333333333,0.333333333333333,0,0,0,0.111111111111111,0.111111111111111,0,0.111111111111111,0
"252",1,0,0.0363636363636364,0.181818181818182,0.0181818181818182,0.0909090909090909,0.0727272727272727,0,0.254545454545455,0.109090909090909,0.181818181818182,0.0545454545454545,0
"253",1,0,0,0.333333333333333,0,0.166666666666667,0,0,0,0.166666666666667,0.333333333333333,0,0
"254",1,0,0.5,0,0,0.0625,0,0,0.4375,0,0,0,0
"255",1,0,0,0.555555555555556,0.222222222222222,0.111111111111111,0,0,0.111111111111111,0,0,0,0
"256",1,0,0.0789473684210526,0.157894736842105,0.0789473684210526,0.105263157894737,0.0526315789473684,0,0.105263157894737,0.105263157894737,0.263157894736842,0.0526315789473684,0
"257",1,0,0,0.5,0.166666666666667,0,0,0,0,0,0.333333333333333,0,0
"258",0,1,0,0,0,0,0,0,0,0,0,0,0
"259",1,0,0,0.4,0,0,0,0,0,0,0.6,0,0
"260",1,0,0,0,0.5,0,0,0,0,0,0,0.5,0
"261",1,0,0.0591397849462365,0.139784946236559,0.0564516129032258,0.0188172043010753,0.131720430107527,0.112903225806452,0.0698924731182795,0.163978494623656,0.0967741935483871,0.150537634408602,0
"262",1,0,0.0213903743315508,0.128342245989305,0.0909090909090909,0.053475935828877,0.106951871657754,0.0695187165775401,0.0748663101604278,0.122994652406417,0.187165775401069,0.144385026737968,0
"263",0,1,0,0,0,0,0,0,0,0,0,0,0
"264",1,0,0.0285714285714286,0.142857142857143,0,0.0571428571428571,0.114285714285714,0.0571428571428571,0.142857142857143,0.228571428571429,0.142857142857143,0.0857142857142857,0
"265",1,0,0,0,0,0,0.166666666666667,0,0,0,0.333333333333333,0.5,0
"266",0,1,0,0,0,0,0,0,0,0,0,0,0
"267",0,1,0,0,0,0,0,0,0,0,0,0,0
"268",1,0,0.111111111111111,0.148148148148148,0.0259259259259259,0.103703703703704,0.133333333333333,0.0222222222222222,0.185185185185185,0.118518518518519,0.107407407407407,0.0444444444444444,0
"269",1,0,0.0483870967741935,0.120967741935484,0.0604838709677419,0.0120967741935484,0.129032258064516,0.104838709677419,0.0766129032258064,0.173387096774193,0.0927419354838709,0.181451612903226,0
"270",1,0,0.0823863636363638,0.130681818181819,0.046875,0.0987215909090912,0.122869318181819,0.0376420454545454,0.174005681818182,0.111505681818182,0.12784090909091,0.0674715909090909,0
"271",1,0,0,0,0.4,0,0.0666666666666667,0.0666666666666667,0,0,0.133333333333333,0.333333333333333,0
"272",1,0,0.110655737704918,0.122950819672131,0.00409836065573771,0.0983606557377049,0.139344262295082,0.0204918032786885,0.254098360655738,0.10655737704918,0.110655737704918,0.0327868852459016,0
"273",1,0,0.0175438596491228,0.140350877192982,0.245614035087719,0,0.12280701754386,0.0701754385964912,0.0175438596491228,0.0526315789473684,0.105263157894737,0.228070175438596,0
"274",1,0,0,0.12,0.16,0,0.05,0.21,0,0.12,0.02,0.32,0
"275",1,0,0.0683760683760684,0.162393162393162,0.0769230769230769,0.0683760683760684,0.102564102564103,0.00854700854700855,0.094017094017094,0.094017094017094,0.213675213675214,0.111111111111111,0
"276",1,0,0.0169491525423729,0.135593220338983,0.23728813559322,0,0.0677966101694915,0.0677966101694915,0,0.0338983050847458,0.169491525423729,0.271186440677966,0
"277",1,0,0,0,0.571428571428571,0,0,0.142857142857143,0,0,0.285714285714286,0,0
"278",1,0,0.0582347588717016,0.132848043676069,0.0691537761601456,0.0409463148316652,0.128298453139217,0.0646041856232939,0.0955414012738852,0.139217470427661,0.129208371246587,0.141947224749772,0
"279",1,0,0.0759124087591241,0.131386861313869,0.0423357664233577,0.0759124087591241,0.121167883211679,0.0306569343065694,0.17956204379562,0.11970802919708,0.141605839416058,0.0817518248175183,0
"280",1,0,0,0.0333333333333333,0.2,0.0333333333333333,0.133333333333333,0.166666666666667,0,0,0,0.433333333333333,0
"281",1,0,0,0,0,0,0.25,0.25,0,0,0,0.5,0
"282",1,0,0,0.176470588235294,0.0588235294117647,0,0.147058823529412,0.147058823529412,0,0.147058823529412,0.0882352941176471,0.235294117647059,0
"283",1,0,0.037593984962406,0.142857142857143,0.0451127819548872,0.0676691729323308,0.120300751879699,0.0225563909774436,0.150375939849624,0.12781954887218,0.203007518796992,0.0827067669172932,0
"284",1,0,0.0172413793103448,0.137931034482759,0.103448275862069,0.0172413793103448,0.103448275862069,0.103448275862069,0,0.172413793103448,0.0517241379310345,0.293103448275862,0
"285",1,0,0.0714285714285714,0.13961038961039,0.0357142857142857,0.0844155844155844,0.123376623376623,0.038961038961039,0.175324675324675,0.126623376623377,0.149350649350649,0.0551948051948052,0
"286",1,0,0,0,1,0,0,0,0,0,0,0,0
"287",1,0,0.05078125,0.18359375,0.12109375,0.01953125,0.08984375,0.08984375,0.046875,0.17578125,0.0625,0.16015625,0
"288",1,0,0.0931174089068825,0.234817813765182,0.0931174089068825,0.00809716599190283,0.105263157894737,0.0566801619433198,0.0688259109311741,0.11336032388664,0.11336032388664,0.11336032388664,0
"289",1,0,0.0444444444444444,0.244444444444444,0.155555555555556,0,0.0888888888888889,0.0444444444444444,0.0444444444444444,0.133333333333333,0.133333333333333,0.111111111111111,0
"290",1,0,0.0415094339622641,0.207547169811321,0.109433962264151,0.0150943396226415,0.0943396226415094,0.0641509433962264,0.0339622641509434,0.147169811320755,0.0943396226415094,0.192452830188679,0
"291",0,1,0,0,0,0,0,0,0,0,0,0,0
"292",0,1,0,0,0,0,0,0,0,0,0,0,0
"293",1,0,0.103896103896104,0.285714285714286,0.103896103896104,0.0909090909090909,0.0649350649350649,0.00649350649350649,0.0909090909090909,0.0649350649350649,0.12987012987013,0.0584415584415585,0
"294",1,0,0.164634146341463,0.201219512195122,0.0426829268292683,0.0853658536585366,0.0426829268292683,0.00609756097560976,0.25609756097561,0.0548780487804878,0.140243902439024,0.00609756097560976,0
"295",0,1,0,0,0,0,0,0,0,0,0,0,0
"296",1,0,0.818181818181818,0,0,0,0,0,0.181818181818182,0,0,0,0
"297",0,1,0,0,0,0,0,0,0,0,0,0,0
"298",0,1,0,0,0,0,0,0,0,0,0,0,0
"299",0,1,0,0,0,0,0,0,0,0,0,0,0
"300",1,0,0.0418502202643172,0.167400881057269,0.0704845814977974,0.0286343612334802,0.136563876651982,0.0594713656387666,0.0925110132158591,0.129955947136564,0.121145374449339,0.151982378854626,0
"301",0,1,0,0,0,0,0,0,0,0,0,0,0
"302",1,0,0,0,1,0,0,0,0,0,0,0,0
"303",0,1,0,0,0,0,0,0,0,0,0,0,0
"304",1,0,0.5,0,0,0.166666666666667,0,0,0.333333333333333,0,0,0,0
"305",1,0,0,0.5,0,0,0,0,0,0,0.25,0.25,0
"306",1,0,0,0.333333333333333,0,0,0.333333333333333,0,0,0.333333333333333,0,0,0
"307",1,0,0,0,0.333333333333333,0,0,0,0,0,0,0.666666666666667,0
"308",1,0,0.0695915279878972,0.195158850226928,0.0892586989409985,0.0347957639939486,0.0937972768532527,0.0363086232980333,0.111951588502269,0.1089258698941,0.133131618759455,0.127080181543117,0
"309",1,0,0.0463215258855586,0.158038147138965,0.11716621253406,0.0544959128065395,0.0953678474114441,0.0381471389645776,0.0735694822888283,0.0790190735694823,0.196185286103543,0.141689373297003,0
"310",1,0,0.016260162601626,0.130081300813008,0.154471544715447,0.00813008130081301,0.0894308943089431,0.0894308943089431,0.016260162601626,0.0975609756097561,0.0813008130081301,0.317073170731707,0
"311",1,0,0,0.14,0.12,0.02,0.18,0.08,0,0.14,0.12,0.2,0
"312",1,0,0.056,0.136,0.096,0.048,0.104,0.048,0.064,0.136,0.2,0.112,0
"313",1,0,0.0402930402930403,0.179487179487179,0.0952380952380952,0.0402930402930403,0.106227106227106,0.0366300366300366,0.113553113553114,0.113553113553114,0.161172161172161,0.113553113553114,0
"314",1,0,0.0671834625322998,0.155038759689922,0.062015503875969,0.0516795865633075,0.0904392764857881,0.0465116279069768,0.108527131782946,0.160206718346253,0.129198966408269,0.129198966408269,0
"315",1,0,0.0679156908665106,0.168618266978923,0.0679156908665106,0.0257611241217799,0.098360655737705,0.0468384074941452,0.117096018735363,0.142857142857143,0.124121779859485,0.140515222482436,0
"316",1,0,0.0428571428571429,0.157142857142857,0.0714285714285714,0.0666666666666667,0.0952380952380952,0.0333333333333333,0.133333333333333,0.119047619047619,0.157142857142857,0.123809523809524,0
"317",1,0,0,0.173913043478261,0.304347826086957,0,0,0.0434782608695652,0,0.173913043478261,0.0869565217391304,0.217391304347826,0
"318",1,0,0,0,1,0,0,0,0,0,0,0,0
"319",1,0,0,0,0,0,0,0,0,0,0,1,0
"320",1,0,0,0,0.2,0,0,0.2,0,0,0,0.6,0
"321",1,0,0.0433333333333333,0.183333333333333,0.12,0.0133333333333333,0.08,0.0833333333333333,0.0366666666666667,0.173333333333333,0.0933333333333333,0.173333333333333,0
"322",1,0,0.0149253731343284,0.186567164179104,0.156716417910448,0.0149253731343284,0.0671641791044776,0.0597014925373134,0.0223880597014925,0.149253731343284,0.111940298507463,0.216417910447761,0
"323",1,0,0.0625,0.180555555555556,0.0601851851851851,0.0277777777777778,0.0925925925925925,0.0578703703703703,0.0879629629629629,0.166666666666667,0.113425925925926,0.150462962962963,0
"324",1,0,0.0200573065902579,0.137535816618911,0.0859598853868195,0.0229226361031519,0.128939828080229,0.0888252148997134,0.0573065902578797,0.131805157593123,0.123209169054441,0.203438395415473,0
"325",0,1,0,0,0,0,0,0,0,0,0,0,0
"326",1,0,0.0444444444444445,0.146031746031746,0.107936507936508,0.0507936507936508,0.0984126984126985,0.0412698412698413,0.0920634920634921,0.104761904761905,0.19047619047619,0.123809523809524,0
"327",1,0,0.133333333333333,0.128735632183908,0.0160919540229885,0.0965517241379308,0.108045977011494,0.0195402298850575,0.24022988505747,0.118390804597701,0.0999999999999998,0.0390804597701149,0
"328",1,0,0,0,0,0,0,0,0,0,0,1,0
"329",1,0,0,0.1,0.1,0,0,0,0,0.2,0.2,0.4,0
