"","FFL","No_FFL","PP","PM","PN","NP","NM","NN","MP","MM2","MM1","MN","NonPl_X"
"1",1,0,0.0853242320819112,0.116040955631399,0.0273037542662116,0.119453924914676,0.109215017064846,0.0238907849829352,0.228668941979522,0.119453924914676,0.143344709897611,0.0273037542662116,0
"2",1,0,0,0.235294117647059,0,0,0.0588235294117647,0.117647058823529,0.0588235294117647,0.235294117647059,0.176470588235294,0.117647058823529,0
"3",1,0,0.113095238095238,0.125,0.0178571428571429,0.125,0.0595238095238095,0.00595238095238095,0.333333333333333,0.0654761904761905,0.148809523809524,0.00595238095238095,0
"4",1,0,0,0,0.142857142857143,0,0,0.285714285714286,0,0,0,0.571428571428571,0
"5",1,0,0.0705394190871369,0.112033195020747,0.012448132780083,0.0746887966804979,0.16597510373444,0.033195020746888,0.182572614107884,0.170124481327801,0.0995850622406639,0.0788381742738589,0
"6",1,0,0.101214574898785,0.157894736842105,0.0242914979757085,0.0809716599190283,0.0850202429149797,0.0202429149797571,0.145748987854251,0.161943319838057,0.1417004048583,0.0809716599190283,0
"7",1,0,0.197916666666667,0.09375,0,0.104166666666667,0.0520833333333333,0,0.395833333333333,0.0833333333333333,0.0625,0.0104166666666667,0
"8",1,0,0.103448275862069,0.206896551724138,0.0862068965517241,0,0.0862068965517241,0.0344827586206897,0.103448275862069,0.172413793103448,0.103448275862069,0.103448275862069,0
"9",1,0,0.0884615384615385,0.138461538461538,0.0192307692307692,0.0923076923076923,0.0923076923076923,0.0615384615384615,0.123076923076923,0.180769230769231,0.111538461538462,0.0923076923076923,0
"10",1,0,0.1,0.0166666666666667,0,0.2,0.233333333333333,0.0166666666666667,0.3,0.133333333333333,0,0,0
"11",1,0,0.104166666666667,0.0625,0,0.125,0.15625,0.0104166666666667,0.322916666666667,0.15625,0.0520833333333333,0.0104166666666667,0
"12",1,0,0.194805194805195,0.025974025974026,0,0.168831168831169,0.0909090909090909,0,0.376623376623377,0.12987012987013,0.012987012987013,0,0
"13",1,0,0.0880503144654088,0.106918238993711,0,0.232704402515723,0.119496855345912,0.0125786163522013,0.226415094339623,0.10062893081761,0.0943396226415094,0.0188679245283019,0
"14",1,0,0.0398009950248756,0.097844112769486,0.0746268656716418,0.0431177446102819,0.147595356550581,0.0796019900497513,0.0961857379767829,0.12106135986733,0.134328358208955,0.165837479270315,0
"15",1,0,0.0613718411552347,0.104693140794224,0.0216606498194946,0.11913357400722,0.166064981949458,0.0180505415162455,0.184115523465704,0.115523465703971,0.155234657039711,0.0541516245487365,0
"16",1,0,0.0540540540540541,0.126126126126126,0.027027027027027,0.0540540540540541,0.162162162162162,0.027027027027027,0.171171171171171,0.153153153153153,0.153153153153153,0.0720720720720721,0
"17",1,0,0.024390243902439,0.113821138211382,0.0609756097560976,0.040650406504065,0.16260162601626,0.0813008130081301,0.0447154471544716,0.121951219512195,0.142276422764228,0.207317073170732,0
"18",1,0,0,0.0714285714285714,0.0535714285714286,0.0178571428571429,0.125,0.142857142857143,0.0357142857142857,0.125,0.178571428571429,0.25,0
"19",1,0,0.0660569105691056,0.121951219512195,0.032520325203252,0.0945121951219513,0.147357723577236,0.0386178861788618,0.149390243902439,0.120934959349594,0.134146341463415,0.0945121951219513,0
"20",1,0,0.0434782608695652,0.239130434782609,0.0652173913043478,0.0434782608695652,0.152173913043478,0,0.0434782608695652,0.108695652173913,0.195652173913043,0.108695652173913,0
"21",1,0,0,0,1,0,0,0,0,0,0,0,0
"22",1,0,0.229885057471264,0.0919540229885057,0,0.0574712643678161,0.195402298850575,0.0344827586206897,0.229885057471264,0.149425287356322,0,0.0114942528735632,0
"23",1,0,0.193548387096774,0.10752688172043,0,0.032258064516129,0.172043010752688,0.032258064516129,0.204301075268817,0.182795698924731,0.0537634408602151,0.021505376344086,0
"24",1,0,0.0555555555555556,0.222222222222222,0.111111111111111,0.111111111111111,0.111111111111111,0,0.111111111111111,0,0.222222222222222,0.0555555555555556,0
"25",1,0,0.0848056537102473,0.106007067137809,0.0247349823321555,0.123674911660777,0.141342756183746,0.0141342756183746,0.215547703180212,0.11660777385159,0.134275618374558,0.03886925795053,0
"26",1,0,0.0212765957446809,0.0992907801418439,0.0709219858156028,0.0283687943262411,0.156028368794326,0.113475177304964,0.049645390070922,0.184397163120567,0.177304964539007,0.0992907801418439,0
"27",1,0,0.155660377358491,0.259433962264151,0.0707547169811321,0.0424528301886792,0.0424528301886792,0.0141509433962264,0.174528301886792,0.0660377358490566,0.127358490566038,0.0471698113207547,0
"28",1,0,0.0769230769230769,0.269230769230769,0.0384615384615385,0.0384615384615385,0.0384615384615385,0,0.0769230769230769,0.192307692307692,0.192307692307692,0.0769230769230769,0
"29",1,0,0.108108108108108,0.27027027027027,0,0.108108108108108,0.135135135135135,0,0.216216216216216,0.0810810810810811,0.0810810810810811,0,0
"30",1,0,0,0.152173913043478,0.173913043478261,0,0.0652173913043478,0.0652173913043478,0,0.152173913043478,0.217391304347826,0.173913043478261,0
"31",1,0,0,0.0967741935483871,0.0645161290322581,0,0.161290322580645,0.161290322580645,0.032258064516129,0.225806451612903,0.0967741935483871,0.161290322580645,0
"32",1,0,0.25,0,0,0.125,0.0833333333333333,0,0.541666666666667,0,0,0,0
"33",1,0,0,0,0.1,0,0,0.35,0,0,0,0.55,0
"34",1,0,0.0625,0.208333333333333,0.0208333333333333,0.0625,0.1875,0.0208333333333333,0.104166666666667,0.1875,0.125,0.0208333333333333,0
"35",1,0,0,0.142857142857143,0.285714285714286,0,0.142857142857143,0.0714285714285714,0,0.0714285714285714,0.142857142857143,0.142857142857143,0
"36",1,0,0.114285714285714,0.15,0.0357142857142857,0.0285714285714286,0.157142857142857,0.05,0.114285714285714,0.185714285714286,0.0928571428571429,0.0714285714285714,0
"37",1,0,0,0.333333333333333,0,0,0.222222222222222,0,0.222222222222222,0.111111111111111,0.111111111111111,0,0
"38",1,0,0.0375,0.1875,0.075,0.075,0.0875,0.0125,0.125,0.1125,0.225,0.0625,0
"39",1,0,0.089171974522293,0.146496815286624,0.0127388535031847,0.101910828025478,0.101910828025478,0.0318471337579618,0.178343949044586,0.165605095541401,0.114649681528662,0.0573248407643312,0
"40",1,0,0.0875,0.125,0.0125,0.06875,0.1625,0.01875,0.1625,0.18125,0.1125,0.06875,0
"41",1,0,0.17,0.1,0,0.16,0.07,0,0.36,0.05,0.09,0,0
"42",1,0,0.124031007751938,0.200000000000001,0.0511627906976744,0.0589147286821705,0.0558139534883721,0.0170542635658915,0.212403100775195,0.0868217054263566,0.136434108527132,0.0573643410852713,0
"43",1,0,0.13003663003663,0.173076923076923,0.0723443223443222,0.0357142857142857,0.0714285714285713,0.032967032967033,0.159340659340659,0.117216117216117,0.110805860805861,0.0970695970695968,0
"44",1,0,0.0352941176470588,0.176470588235294,0.129411764705882,0.0176470588235294,0.0764705882352941,0.0705882352941176,0.0411764705882353,0.141176470588235,0.117647058823529,0.194117647058824,0
"45",1,0,0.114068441064639,0.231939163498099,0.0608365019011407,0.0190114068441065,0.0608365019011407,0.0342205323193916,0.0684410646387833,0.193916349809886,0.091254752851711,0.125475285171103,0
"46",1,0,0.208955223880597,0.164179104477612,0.0149253731343284,0.0348258706467662,0.0597014925373134,0.0149253731343284,0.154228855721393,0.194029850746269,0.0945273631840796,0.0597014925373134,0
"47",1,0,0.0540540540540541,0.220720720720721,0.144144144144144,0.0405405405405405,0.0765765765765766,0.0135135135135135,0.0900900900900901,0.0945945945945946,0.175675675675676,0.0900900900900901,0
"48",1,0,0.127760252365931,0.173501577287066,0.0378548895899054,0.0441640378548896,0.0962145110410095,0.028391167192429,0.145110410094637,0.17192429022082,0.100946372239748,0.0741324921135647,0
"49",1,0,0.0895953757225433,0.176300578034682,0.0924855491329479,0.0317919075144509,0.0780346820809248,0.0260115606936416,0.121387283236994,0.164739884393064,0.147398843930636,0.0722543352601156,0
"50",1,0,0.25,0,0,0,0,0,0.25,0.25,0.25,0,0
"51",1,0,0.0657894736842105,0.171052631578947,0.0263157894736842,0.0789473684210526,0.0394736842105263,0.0394736842105263,0.25,0.0921052631578947,0.223684210526316,0.0131578947368421,0
"52",1,0,0,0.193548387096774,0.129032258064516,0,0.193548387096774,0.129032258064516,0,0.129032258064516,0.0967741935483871,0.129032258064516,0
"53",1,0,0.0980392156862745,0.137254901960784,0,0.0686274509803922,0.127450980392157,0.0196078431372549,0.215686274509804,0.186274509803921,0.117647058823529,0.0294117647058824,0
"54",1,0,0.0918727915194346,0.137809187279152,0.0282685512367491,0.0600706713780919,0.113074204946996,0.0459363957597173,0.0989399293286219,0.19434628975265,0.141342756183746,0.088339222614841,0
"55",1,0,0.162162162162162,0.216216216216216,0.045045045045045,0.018018018018018,0.045045045045045,0.045045045045045,0.0990990990990991,0.198198198198198,0.108108108108108,0.0630630630630631,0
"56",1,0,0.0581717451523546,0.141274238227147,0.0581717451523546,0.0498614958448754,0.113573407202216,0.0692520775623269,0.0969529085872576,0.152354570637119,0.157894736842105,0.102493074792244,0
"57",1,0,0.0666666666666667,0.166666666666667,0.0333333333333333,0.0833333333333333,0.0666666666666667,0.0166666666666667,0.1,0.183333333333333,0.183333333333333,0.1,0
"58",1,0,0.518518518518518,0,0,0.259259259259259,0,0,0.222222222222222,0,0,0,0
"59",1,0,0.0818181818181818,0.227272727272727,0.0636363636363636,0.0363636363636364,0.136363636363636,0.0363636363636364,0.0545454545454545,0.127272727272727,0.118181818181818,0.118181818181818,0
"60",1,0,0.0555555555555556,0.25,0.0277777777777778,0,0.0277777777777778,0.0833333333333333,0.0277777777777778,0.222222222222222,0.0555555555555556,0.25,0
"61",1,0,0.170212765957447,0.191489361702128,0,0.106382978723404,0.106382978723404,0,0.170212765957447,0.106382978723404,0.148936170212766,0,0
"62",1,0,0.107142857142857,0.142857142857143,0,0.107142857142857,0.214285714285714,0,0.25,0.0714285714285714,0.107142857142857,0,0
"63",1,0,0.134502923976608,0.146198830409357,0,0.128654970760234,0.0409356725146199,0.00584795321637427,0.292397660818713,0.0701754385964912,0.169590643274854,0.0116959064327485,0
"64",1,0,0.0862068965517241,0.120689655172414,0.0172413793103448,0.0344827586206897,0.137931034482759,0.0689655172413793,0.172413793103448,0.224137931034483,0.0862068965517241,0.0517241379310345,0
"65",1,0,0.0574712643678161,0.160919540229885,0.0344827586206897,0.0574712643678161,0.126436781609195,0.0574712643678161,0.0919540229885057,0.172413793103448,0.160919540229885,0.0804597701149425,0
"66",1,0,0.0526315789473684,0.131578947368421,0.0526315789473684,0.131578947368421,0.149122807017544,0.043859649122807,0.175438596491228,0.105263157894737,0.140350877192982,0.0175438596491228,0
"67",1,0,0.0849056603773585,0.169811320754717,0.0188679245283019,0.0377358490566038,0.160377358490566,0.0566037735849057,0.122641509433962,0.188679245283019,0.0849056603773585,0.0754716981132075,0
"68",1,0,0.2,0,0,0.1,0.1,0,0.3,0.3,0,0,0
"69",1,0,0.0340909090909091,0.113636363636364,0.0113636363636364,0.147727272727273,0.193181818181818,0.0227272727272727,0.193181818181818,0.113636363636364,0.113636363636364,0.0568181818181818,0
"70",1,0,0.216216216216216,0.135135135135135,0,0.135135135135135,0.135135135135135,0,0.243243243243243,0.0540540540540541,0.0540540540540541,0.027027027027027,0
"71",1,0,0.175,0.15,0,0.225,0,0,0.325,0,0.125,0,0
"72",1,0,0.111111111111111,0.206349206349206,0.0317460317460317,0.0158730158730159,0.142857142857143,0.0317460317460317,0.111111111111111,0.174603174603175,0.126984126984127,0.0476190476190476,0
"73",1,0,0.0455373406193078,0.143897996357013,0.0619307832422586,0.0728597449908925,0.131147540983606,0.0510018214936248,0.0856102003642987,0.129326047358834,0.140255009107468,0.138433515482696,0
"74",1,0,0,0.227272727272727,0.136363636363636,0,0.181818181818182,0.136363636363636,0,0.0454545454545455,0.0454545454545455,0.227272727272727,0
"75",1,0,0.0416666666666667,0.166666666666667,0.0416666666666667,0,0.125,0.0416666666666667,0.125,0.145833333333333,0.229166666666667,0.0833333333333333,0
"76",1,0,0.146788990825688,0.110091743119266,0.00917431192660551,0.0825688073394495,0.137614678899083,0.0275229357798165,0.119266055045872,0.229357798165138,0.110091743119266,0.0275229357798165,0
"77",1,0,0.0357142857142857,0.214285714285714,0.107142857142857,0.0476190476190476,0.0714285714285714,0.0238095238095238,0.0833333333333333,0.154761904761905,0.0833333333333333,0.178571428571429,0
"78",1,0,0.176470588235294,0.132352941176471,0,0.117647058823529,0.0588235294117647,0,0.279411764705882,0.117647058823529,0.117647058823529,0,0
"79",1,0,0.112,0.096,0,0.096,0.136,0.008,0.272,0.184,0.072,0.024,0
"80",1,0,0,0.125,0,0,0.25,0,0.1875,0.1875,0.125,0.125,0
"81",1,0,0.1,0.114285714285714,0.0285714285714286,0.0857142857142857,0.1,0.0142857142857143,0.214285714285714,0.128571428571429,0.214285714285714,0,0
"82",1,0,0.153846153846154,0.102564102564103,0,0.128205128205128,0.0256410256410256,0,0.307692307692308,0.153846153846154,0.128205128205128,0,0
"83",1,0,0.0681818181818182,0,0,0.295454545454545,0.272727272727273,0.0454545454545455,0.227272727272727,0.0227272727272727,0.0681818181818182,0,0
"84",1,0,0,0,0.25,0,0,0,0,0.25,0,0.5,0
"85",1,0,0.0311418685121107,0.145328719723183,0.121107266435986,0.0397923875432526,0.108996539792387,0.0795847750865051,0.0570934256055363,0.0847750865051903,0.1280276816609,0.204152249134948,0
"86",1,0,0,0.111111111111111,0.177777777777778,0,0.122222222222222,0.1,0.0111111111111111,0.0555555555555556,0.155555555555556,0.266666666666667,0
"87",1,0,0.045045045045045,0.175675675675676,0.0495495495495496,0.0495495495495496,0.112612612612613,0.0225225225225225,0.135135135135135,0.130630630630631,0.171171171171171,0.108108108108108,0
"88",1,0,0.110169491525424,0.11864406779661,0.0254237288135593,0.0677966101694915,0.11864406779661,0.0254237288135593,0.161016949152542,0.194915254237288,0.152542372881356,0.0254237288135593,0
"89",1,0,0,0,0,0,0,0.25,0,0.5,0.25,0,0
"90",1,0,0.0564102564102564,0.148717948717949,0.0564102564102564,0.0256410256410256,0.153846153846154,0.102564102564103,0.0923076923076923,0.143589743589744,0.0769230769230769,0.143589743589744,0
"91",1,0,0.0989010989010989,0.153846153846154,0.032967032967033,0.021978021978022,0.186813186813187,0.043956043956044,0.0989010989010989,0.175824175824176,0.10989010989011,0.0769230769230769,0
"92",1,0,0,0.181818181818182,0.151515151515152,0.0606060606060606,0.0909090909090909,0,0.0303030303030303,0.0909090909090909,0.242424242424242,0.151515151515152,0
"93",1,0,0.015625,0.15625,0.0625,0.0625,0.140625,0.078125,0.09375,0.09375,0.203125,0.09375,0
"94",1,0,0.0826086956521738,0.167826086956522,0.0634782608695652,0.0321739130434783,0.102608695652174,0.0539130434782608,0.106086956521739,0.152173913043478,0.105217391304348,0.133913043478261,0
"95",1,0,0.0626086956521738,0.143478260869565,0.0469565217391304,0.0608695652173912,0.129565217391304,0.0478260869565217,0.133913043478261,0.129565217391304,0.133043478260869,0.112173913043478,0
"96",1,0,0.112271540469974,0.180156657963447,0.0600522193211488,0.0861618798955613,0.0626631853785901,0.010443864229765,0.14621409921671,0.122715404699739,0.140992167101828,0.0783289817232376,0
"97",1,0,0.0652173913043478,0.202898550724638,0.0942028985507247,0.0144927536231884,0.0942028985507247,0.0579710144927536,0.0579710144927536,0.173913043478261,0.144927536231884,0.0942028985507247,0
"98",1,0,0.0783132530120482,0.228915662650602,0.13855421686747,0.00602409638554217,0.072289156626506,0.0481927710843373,0.036144578313253,0.13855421686747,0.0963855421686747,0.156626506024096,0
"99",1,0,0.0673316708229426,0.194513715710723,0.0598503740648379,0.0324189526184539,0.117206982543641,0.0598503740648379,0.0748129675810473,0.15211970074813,0.109725685785536,0.13216957605985,0
"100",1,0,0.159159159159159,0.159159159159159,0.027027027027027,0.0450450450450451,0.0720720720720721,0.012012012012012,0.249249249249249,0.129129129129129,0.102102102102102,0.0450450450450451,0
"101",1,0,0.103896103896104,0.181818181818182,0.0194805194805195,0.038961038961039,0.0974025974025974,0.012987012987013,0.246753246753247,0.116883116883117,0.136363636363636,0.0454545454545455,0
"102",1,0,0.0390625,0.1796875,0.109375,0.0390625,0.1328125,0.015625,0.0390625,0.0546875,0.203125,0.1875,0
"103",1,0,0.0857142857142857,0.257142857142857,0.0285714285714286,0.0285714285714286,0.0857142857142857,0.0285714285714286,0.0285714285714286,0.114285714285714,0.171428571428571,0.171428571428571,0
"104",1,0,0,0.1,0,0.05,0.25,0.05,0.15,0.15,0.1,0.15,0
"105",1,0,0.203125,0.078125,0,0.125,0.09375,0,0.3203125,0.1328125,0.0390625,0.0078125,0
"106",1,0,0.214285714285714,0.0634920634920635,0,0.126984126984127,0.126984126984127,0.0158730158730159,0.277777777777778,0.126984126984127,0.0238095238095238,0.0238095238095238,0
"107",1,0,0.0697674418604652,0.139534883720931,0.0565891472868217,0.115503875968993,0.0930232558139538,0.0248062015503876,0.174418604651164,0.0860465116279072,0.185271317829458,0.0550387596899225,0
"108",1,0,0.0533333333333333,0.2,0.0533333333333333,0.0133333333333333,0.0533333333333333,0.08,0.08,0.186666666666667,0.106666666666667,0.173333333333333,0
"109",1,0,0.0933333333333333,0.126666666666667,0.0866666666666667,0.02,0.113333333333333,0.0933333333333333,0.0733333333333333,0.206666666666667,0.06,0.126666666666667,0
"110",1,0,0.130434782608696,0.101449275362319,0,0.0579710144927536,0.0869565217391304,0.0289855072463768,0.347826086956522,0.130434782608696,0.072463768115942,0.0434782608695652,0
"111",1,0,0.135135135135135,0.0810810810810811,0,0.0540540540540541,0.243243243243243,0.027027027027027,0.162162162162162,0.162162162162162,0.108108108108108,0.027027027027027,0
"112",1,0,0.0353535353535353,0.126262626262626,0.0572390572390572,0.031986531986532,0.146464646464647,0.102693602693603,0.0858585858585859,0.156565656565657,0.117845117845118,0.13973063973064,0
"113",1,0,0,0.08,0.213333333333333,0,0.08,0.146666666666667,0,0.0666666666666667,0.12,0.293333333333333,0
"114",1,0,0.0917874396135265,0.169082125603865,0.0386473429951691,0.0531400966183575,0.111111111111111,0.0289855072463768,0.140096618357488,0.159420289855072,0.125603864734299,0.0821256038647343,0
"115",1,0,0,0,0.24,0,0,0.2,0,0,0.08,0.48,0
"116",1,0,0.0842105263157894,0.221052631578947,0.11578947368421,0.0304093567251462,0.0690058479532164,0.0280701754385965,0.0923976608187134,0.11578947368421,0.123976608187134,0.119298245614035,0
"117",1,0,0.0749542961608775,0.16636197440585,0.0658135283363802,0.0758683729433272,0.111517367458867,0.0255941499085923,0.138025594149909,0.0996343692870202,0.151736745886655,0.0904936014625229,0
"118",1,0,0.111111111111111,0.162698412698413,0.0198412698412698,0.0873015873015873,0.123015873015873,0.00396825396825397,0.214285714285714,0.0952380952380952,0.142857142857143,0.0396825396825397,0
"119",1,0,0.0495495495495496,0.153153153153153,0.0720720720720721,0.0540540540540541,0.0900900900900901,0.027027027027027,0.0990990990990991,0.130630630630631,0.202702702702703,0.121621621621622,0
"120",1,0,0.166666666666667,0.0714285714285714,0.0476190476190476,0.0476190476190476,0.0952380952380952,0,0.19047619047619,0.119047619047619,0.19047619047619,0.0714285714285714,0
"121",1,0,0.0857142857142857,0.161904761904762,0.0333333333333333,0.0333333333333333,0.104761904761905,0.0238095238095238,0.147619047619048,0.180952380952381,0.114285714285714,0.114285714285714,0
"122",1,0,0.0843060959792477,0.143968871595331,0.0428015564202335,0.0830090791180285,0.102464332036316,0.0363164721141375,0.137483787289235,0.140077821011673,0.142671854734111,0.0869001297016861,0
"123",1,0,0.104683195592287,0.130853994490358,0.0247933884297521,0.068870523415978,0.115702479338843,0.0289256198347107,0.203856749311296,0.134986225895317,0.112947658402204,0.0743801652892562,0
"124",1,0,0.161458333333333,0.171875,0.015625,0.114583333333333,0.0520833333333333,0,0.223958333333333,0.104166666666667,0.130208333333333,0.0260416666666667,0
"125",1,0,0.0678733031674208,0.176470588235294,0.0769230769230769,0.0407239819004525,0.0904977375565611,0.0316742081447964,0.0995475113122172,0.131221719457014,0.190045248868778,0.0950226244343891,0
"126",1,0,0,0.120879120879121,0.153846153846154,0.010989010989011,0.0659340659340659,0.0769230769230769,0.010989010989011,0.131868131868132,0.208791208791209,0.21978021978022,0
"127",1,0,0.177858439201452,0.112522686025408,0.00725952813067151,0.123411978221415,0.0471869328493648,0.00362976406533575,0.312159709618876,0.0943738656987295,0.108892921960073,0.0127041742286751,0
"128",1,0,0.120622568093385,0.16147859922179,0.0311284046692607,0.0544747081712062,0.101167315175097,0.0252918287937743,0.159533073929961,0.163424124513618,0.114785992217899,0.0680933852140078,0
"129",1,0,0.0778688524590164,0.204918032786885,0.0737704918032787,0.0286885245901639,0.0819672131147541,0.0327868852459016,0.118852459016393,0.147540983606557,0.147540983606557,0.0860655737704918,0
"130",1,0,0.0288808664259928,0.148014440433213,0.0902527075812274,0.0469314079422383,0.133574007220217,0.0397111913357401,0.11913357400722,0.126353790613718,0.15884476534296,0.108303249097473,0
"131",1,0,0.263157894736842,0,0,0.0526315789473684,0,0,0.684210526315789,0,0,0,0
"132",1,0,0,0.241379310344828,0.275862068965517,0,0.0344827586206897,0.0344827586206897,0.0344827586206897,0.0689655172413793,0.172413793103448,0.137931034482759,0
"133",1,0,0.188118811881188,0.168316831683168,0.0297029702970297,0.0792079207920792,0.0891089108910891,0,0.207920792079208,0.0693069306930693,0.138613861386139,0.0297029702970297,0
"134",1,0,0.0835913312693498,0.160990712074303,0.0402476780185759,0.0464396284829721,0.117647058823529,0.043343653250774,0.130030959752322,0.185758513931889,0.0990712074303405,0.0928792569659442,0
"135",1,0,0.0509915014164306,0.169971671388102,0.127478753541076,0.028328611898017,0.101983002832861,0.0339943342776204,0.0963172804532578,0.124645892351275,0.141643059490085,0.124645892351275,0
"136",1,0,0.232558139534884,0.162790697674419,0,0.0930232558139535,0.0697674418604651,0,0.209302325581395,0.0697674418604651,0.162790697674419,0,0
"137",1,0,0.102003642987249,0.131147540983606,0.0218579234972678,0.0673952641165756,0.116575591985428,0.0400728597449909,0.174863387978142,0.189435336976321,0.081967213114754,0.0746812386156648,0
"138",1,0,0.00900900900900901,0.0900900900900901,0.162162162162162,0.00900900900900901,0.135135135135135,0.0990990990990991,0.045045045045045,0.126126126126126,0.0720720720720721,0.252252252252252,0
"139",1,0,0.127659574468085,0.115501519756839,0.0151975683890578,0.0790273556231003,0.109422492401216,0.027355623100304,0.218844984802432,0.170212765957447,0.0820668693009119,0.0547112462006079,0
"140",1,0,0.117903930131004,0.126637554585153,0.0174672489082969,0.122270742358079,0.0917030567685589,0.0131004366812227,0.262008733624454,0.11353711790393,0.117903930131004,0.0174672489082969,0
"141",1,0,0,0,0.294117647058824,0,0,0.0588235294117647,0,0.117647058823529,0.117647058823529,0.411764705882353,0
"142",1,0,0.0613496932515337,0.190184049079755,0.0613496932515337,0.0858895705521473,0.0674846625766871,0.0245398773006135,0.177914110429448,0.0920245398773006,0.196319018404908,0.0429447852760736,0
"143",1,0,0.0915032679738562,0.156862745098039,0.0261437908496732,0.0522875816993464,0.124183006535948,0.0326797385620915,0.183006535947712,0.124183006535948,0.143790849673203,0.065359477124183,0
"144",1,0,0.166666666666667,0.166666666666667,0,0.0833333333333333,0.0277777777777778,0,0.277777777777778,0.0833333333333333,0.194444444444444,0,0
"145",1,0,0.0945945945945946,0.202702702702703,0.0675675675675676,0.0540540540540541,0.027027027027027,0.027027027027027,0.135135135135135,0.175675675675676,0.189189189189189,0.027027027027027,0
"146",1,0,0.1,0.216666666666667,0.0166666666666667,0.116666666666667,0.0666666666666667,0,0.116666666666667,0.166666666666667,0.116666666666667,0.0833333333333333,0
"147",1,0,0.10958904109589,0.26027397260274,0.0684931506849315,0.0136986301369863,0.0616438356164384,0.0342465753424658,0.0479452054794521,0.184931506849315,0.102739726027397,0.116438356164384,0
"148",1,0,0,0.130434782608696,0.0869565217391304,0.0434782608695652,0.173913043478261,0.0434782608695652,0.173913043478261,0.217391304347826,0.0869565217391304,0.0434782608695652,0
"149",1,0,0,0.05,0.3,0,0.15,0.05,0,0.15,0.25,0.05,0
"150",1,0,0.0909090909090909,0.363636363636364,0,0.0909090909090909,0.181818181818182,0,0.0909090909090909,0.0909090909090909,0.0909090909090909,0,0
"151",1,0,0,0.210526315789474,0,0,0.105263157894737,0,0.157894736842105,0.105263157894737,0.210526315789474,0.210526315789474,0
"152",1,0,0,0.208333333333333,0.0833333333333333,0,0.0833333333333333,0.0416666666666667,0.0833333333333333,0.0833333333333333,0.25,0.166666666666667,0
"153",1,0,0.0948905109489051,0.138686131386861,0,0.0948905109489051,0.153284671532847,0.0218978102189781,0.226277372262774,0.153284671532847,0.0802919708029197,0.0364963503649635,0
"154",1,0,0.114285714285714,0.0857142857142857,0.00714285714285714,0.1,0.114285714285714,0.0142857142857143,0.292857142857143,0.114285714285714,0.107142857142857,0.05,0
"155",1,0,0.102040816326531,0.0918367346938775,0,0.102040816326531,0.102040816326531,0.0306122448979592,0.234693877551021,0.183673469387755,0.13265306122449,0.0204081632653061,0
"156",1,0,0,0,0,0.1,0.2,0.1,0.2,0.3,0.1,0,0
"157",1,0,0.0746268656716418,0.134328358208955,0.0149253731343284,0.0597014925373134,0.134328358208955,0.0447761194029851,0.238805970149254,0.149253731343284,0.119402985074627,0.0298507462686567,0
"158",0,1,0,0,0,0,0,0,0,0,0,0,0
"159",1,0,0,0.0909090909090909,0.0909090909090909,0.0909090909090909,0.0909090909090909,0.0909090909090909,0.0909090909090909,0.0909090909090909,0.363636363636364,0,0
"160",1,0,0.166666666666667,0,0,0.333333333333333,0,0,0.333333333333333,0,0.166666666666667,0,0
"161",1,0,0.0821917808219178,0.0821917808219178,0,0.150684931506849,0.164383561643836,0.0136986301369863,0.26027397260274,0.123287671232877,0.10958904109589,0.0136986301369863,0
"162",1,0,0.15,0.1,0,0.2,0.15,0,0.1,0.05,0.2,0.05,0
"163",1,0,0.0909090909090909,0.136363636363636,0,0.318181818181818,0.227272727272727,0,0.136363636363636,0,0.0909090909090909,0,0
"164",1,0,0,0.230769230769231,0,0,0.230769230769231,0.0769230769230769,0,0.153846153846154,0.153846153846154,0.153846153846154,0
"165",1,0,0,0,0,0.111111111111111,0.111111111111111,0.166666666666667,0.166666666666667,0.222222222222222,0.166666666666667,0.0555555555555556,0
"166",1,0,0.154929577464789,0,0,0.211267605633803,0.0985915492957746,0.0140845070422535,0.394366197183098,0.0845070422535211,0.028169014084507,0.0140845070422535,0
"167",1,0,0.0687830687830688,0.158730158730159,0.0423280423280423,0.037037037037037,0.126984126984127,0.037037037037037,0.132275132275132,0.174603174603175,0.137566137566138,0.0846560846560847,0
"168",1,0,0.174603174603175,0,0,0.285714285714286,0,0,0.53968253968254,0,0,0,0
"169",1,0,0.0512820512820513,0,0,0.282051282051282,0.153846153846154,0.0256410256410256,0.358974358974359,0.128205128205128,0,0,0
"170",1,0,0,0,0.0869565217391304,0.173913043478261,0.260869565217391,0,0.173913043478261,0.0434782608695652,0.217391304347826,0.0434782608695652,0
"171",1,0,0.1875,0.0625,0,0.1875,0.125,0,0.15625,0.15625,0.125,0,0
"172",1,0,0,0.0714285714285714,0.0714285714285714,0,0.214285714285714,0.0714285714285714,0,0.357142857142857,0.0714285714285714,0.142857142857143,0
"173",1,0,0,0.15,0,0.1,0.15,0,0.2,0.15,0.15,0.1,0
"174",1,0,0,0.0952380952380952,0,0.0714285714285714,0.214285714285714,0.0238095238095238,0.142857142857143,0.119047619047619,0.166666666666667,0.166666666666667,0
"175",1,0,0,0.166666666666667,0,0.0833333333333333,0.0833333333333333,0,0.0833333333333333,0.166666666666667,0.25,0.166666666666667,0
"176",1,0,0,0,0.0666666666666667,0,0.2,0.266666666666667,0,0.0666666666666667,0.0666666666666667,0.333333333333333,0
"177",1,0,0.0561797752808989,0.101123595505618,0.0112359550561798,0.0674157303370786,0.191011235955056,0.0898876404494382,0.0898876404494382,0.157303370786517,0.146067415730337,0.0898876404494382,0
"178",1,0,0.0909090909090909,0.0909090909090909,0,0.181818181818182,0.0909090909090909,0,0.454545454545455,0,0.0909090909090909,0,0
"179",1,0,0.0471204188481675,0.115183246073298,0.0261780104712042,0.06282722513089,0.167539267015707,0.0575916230366492,0.172774869109948,0.120418848167539,0.162303664921466,0.0680628272251309,0
"180",1,0,0.0204081632653061,0.0816326530612245,0.0204081632653061,0.0408163265306122,0.163265306122449,0.163265306122449,0.0816326530612245,0.244897959183673,0.0612244897959184,0.122448979591837,0
"181",1,0,0.185185185185185,0.0740740740740741,0,0.111111111111111,0.037037037037037,0,0.37037037037037,0.185185185185185,0.037037037037037,0,0
"182",1,0,0.0294117647058824,0.0588235294117647,0,0.0882352941176471,0.176470588235294,0.0294117647058824,0.176470588235294,0.264705882352941,0.117647058823529,0.0588235294117647,0
"183",1,0,0.182481751824817,0.0145985401459854,0,0.18978102189781,0.0656934306569343,0,0.437956204379562,0.0802919708029197,0.0291970802919708,0,0
"184",1,0,0.140495867768595,0.154269972451791,0.0220385674931129,0.126721763085399,0.0826446280991736,0.00275482093663912,0.253443526170799,0.0853994490358127,0.0991735537190083,0.0330578512396694,0
"185",1,0,0.107648725212465,0.147308781869688,0.0339943342776204,0.0679886685552408,0.110481586402266,0.0481586402266289,0.141643059490085,0.169971671388102,0.084985835694051,0.0878186968838527,0
"186",1,0,0.222222222222222,0.0222222222222222,0,0.155555555555556,0.0666666666666667,0,0.4,0.0888888888888889,0.0444444444444444,0,0
"187",1,0,0.428571428571428,0,0,0.142857142857143,0,0,0.357142857142857,0.0714285714285714,0,0,0
"188",1,0,0.155555555555556,0.0888888888888889,0.0111111111111111,0.1,0.111111111111111,0.0333333333333333,0.2,0.2,0.0888888888888889,0.0111111111111111,0
"189",1,0,0.08,0.2,0,0,0.12,0,0.16,0.24,0.2,0,0
"190",1,0,0.142857142857143,0.0659340659340659,0,0.0879120879120879,0.175824175824176,0.010989010989011,0.21978021978022,0.21978021978022,0.054945054945055,0.021978021978022,0
"191",1,0,0,0.157894736842105,0,0,0.157894736842105,0.210526315789474,0,0.263157894736842,0,0.210526315789474,0
"192",1,0,0,0.183333333333333,0.15,0,0,0.166666666666667,0,0.166666666666667,0.0166666666666667,0.316666666666667,0
"193",1,0,0.0782918149466192,0.202846975088968,0.101423487544484,0.0249110320284698,0.0765124555160142,0.0320284697508897,0.0871886120996441,0.142348754448398,0.120996441281139,0.133451957295373,0
"194",1,0,0.0793650793650794,0.19047619047619,0.0396825396825397,0.0555555555555556,0.111111111111111,0.0238095238095238,0.158730158730159,0.111111111111111,0.166666666666667,0.0634920634920635,0
"195",1,0,0.028,0.164,0.0960000000000001,0.016,0.136,0.0920000000000001,0.036,0.128,0.116,0.188,0
"196",1,0,0.188311688311688,0.0909090909090909,0,0.0909090909090909,0.11038961038961,0.012987012987013,0.298701298701299,0.149350649350649,0.038961038961039,0.0194805194805195,0
"197",1,0,0.04,0.184,0.152,0,0.04,0.064,0.008,0.152,0.056,0.304,0
"198",1,0,0.164444444444444,0.0444444444444444,0,0.253333333333333,0.0711111111111111,0,0.342222222222222,0.0533333333333333,0.0622222222222222,0.00888888888888889,0
"199",1,0,0.164420485175202,0.0727762803234501,0.00269541778975741,0.159029649595687,0.0943396226415095,0.0107816711590297,0.299191374663072,0.0889487870619946,0.0889487870619946,0.0188679245283019,0
"200",1,0,0.25531914893617,0.127659574468085,0,0.148936170212766,0.127659574468085,0,0.234042553191489,0.0851063829787234,0.0212765957446809,0,0
"201",1,0,0.0666666666666667,0.2,0.2,0,0.0666666666666667,0,0.133333333333333,0.133333333333333,0.2,0,0
"202",1,0,0.273972602739726,0.0410958904109589,0,0.164383561643836,0.0273972602739726,0,0.452054794520548,0.0273972602739726,0.0136986301369863,0,0
"203",1,0,0.081570996978852,0.18429003021148,0.0694864048338369,0.0422960725075529,0.0785498489425982,0.0362537764350453,0.145015105740181,0.129909365558912,0.148036253776435,0.0845921450151058,0
"204",1,0,0.115384615384615,0.192307692307692,0.0384615384615385,0.0256410256410256,0.0256410256410256,0.0641025641025641,0.0641025641025641,0.243589743589744,0.0769230769230769,0.153846153846154,0
"205",1,0,0.0483870967741935,0.0967741935483871,0.0483870967741935,0.0967741935483871,0.0806451612903226,0.0483870967741935,0.112903225806452,0.193548387096774,0.225806451612903,0.0483870967741935,0
"206",1,0,0.0666666666666667,0.127272727272727,0.0242424242424242,0.0242424242424242,0.127272727272727,0.103030303030303,0.109090909090909,0.224242424242424,0.0969696969696969,0.0969696969696969,0
"207",1,0,0.0344827586206897,0.0689655172413793,0.0689655172413793,0.0344827586206897,0.172413793103448,0.137931034482759,0,0.206896551724138,0.172413793103448,0.103448275862069,0
"208",1,0,0.119777158774373,0.139275766016713,0.0194986072423398,0.0947075208913649,0.128133704735376,0.0250696378830084,0.220055710306407,0.125348189415042,0.0891364902506964,0.0389972144846797,0
"209",1,0,0.0672268907563025,0.151260504201681,0.0294117647058823,0.0546218487394958,0.151260504201681,0.0420168067226891,0.121848739495798,0.15546218487395,0.117647058823529,0.109243697478992,0
"210",1,0,0.114285714285714,0.114285714285714,0.0142857142857143,0.1,0.171428571428571,0.0142857142857143,0.128571428571429,0.0714285714285714,0.2,0.0714285714285714,0
"211",1,0,0.0940000000000001,0.17,0.052,0.068,0.0900000000000001,0.03,0.156,0.124,0.148,0.068,0
"212",1,0,0.126760563380282,0.0704225352112676,0,0.140845070422535,0.0704225352112676,0.028169014084507,0.169014084507042,0.23943661971831,0.140845070422535,0.0140845070422535,0
"213",1,0,0.025,0.1375,0.05,0.025,0.0875,0.0625,0.025,0.2,0.2,0.1875,0
"214",1,0,0.140096618357488,0.0772946859903381,0,0.14975845410628,0.14975845410628,0.0193236714975845,0.246376811594203,0.120772946859903,0.0772946859903381,0.0193236714975845,0
"215",1,0,0.0779220779220779,0.11038961038961,0.0194805194805195,0.0844155844155844,0.162337662337662,0.025974025974026,0.149350649350649,0.136363636363636,0.175324675324675,0.0584415584415585,0
"216",1,0,0,0.164383561643836,0.178082191780822,0.0410958904109589,0.10958904109589,0.0684931506849315,0.0136986301369863,0.10958904109589,0.136986301369863,0.178082191780822,0
"217",1,0,0.0188679245283019,0.188679245283019,0.0943396226415094,0.0471698113207547,0.0754716981132075,0.0566037735849057,0.122641509433962,0.122641509433962,0.150943396226415,0.122641509433962,0
"218",1,0,0.132450331125828,0.112582781456954,0.0132450331125828,0.139072847682119,0.0860927152317881,0.0132450331125828,0.231788079470199,0.0993377483443709,0.158940397350993,0.0132450331125828,0
"219",1,0,0.10922171353826,0.129496402877698,0.0300850228907783,0.0876389797253106,0.111837802485284,0.0248528449967299,0.221059516023547,0.122956180510137,0.113799869195553,0.0490516677567037,0
"220",1,0,0.192805755395684,0.0848920863309352,0.00287769784172662,0.107913669064748,0.0848920863309352,0.00719424460431655,0.31223021582734,0.119424460431655,0.0748201438848921,0.0129496402877698,0
"221",1,0,0.179902755267423,0.059967585089141,0.00324149108589951,0.115072933549433,0.0923824959481362,0.0243111831442464,0.278768233387358,0.166936790923825,0.0680713128038898,0.0113452188006483,0
"222",1,0,0.143162393162393,0.134615384615385,0.0128205128205128,0.0790598290598291,0.100427350427351,0.00854700854700855,0.252136752136752,0.126068376068376,0.117521367521368,0.0256410256410256,0
"223",1,0,0,0.333333333333333,0,0,0,0,0,0.666666666666667,0,0,0
"224",1,0,0.111627906976744,0.2,0.0418604651162791,0.0697674418604651,0.125581395348837,0.027906976744186,0.102325581395349,0.148837209302326,0.0930232558139535,0.0790697674418605,0
"225",1,0,0.0555555555555556,0.222222222222222,0.194444444444444,0.0277777777777778,0.0833333333333333,0,0.0277777777777778,0.0277777777777778,0.25,0.111111111111111,0
"226",1,0,0.102040816326531,0.204081632653061,0.0204081632653061,0.102040816326531,0.163265306122449,0.0204081632653061,0.183673469387755,0.0816326530612245,0.102040816326531,0.0204081632653061,0
"227",1,0,0.156626506024096,0.168674698795181,0,0.0963855421686747,0.072289156626506,0,0.265060240963855,0.120481927710843,0.120481927710843,0,0
"228",1,0,0.0602409638554217,0.204819277108434,0.0481927710843374,0.0481927710843374,0.120481927710843,0.0120481927710843,0.132530120481928,0.144578313253012,0.144578313253012,0.0843373493975904,0
"229",1,0,0.105348460291734,0.155591572123177,0.0470016207455429,0.0923824959481362,0.0875202593192869,0.0356564019448947,0.176661264181523,0.13290113452188,0.121555915721232,0.0453808752025932,0
"230",1,0,0.0698529411764706,0.180147058823529,0.0661764705882353,0.0441176470588235,0.102941176470588,0.0386029411764706,0.126838235294117,0.137867647058823,0.130514705882353,0.102941176470588,0
"231",1,0,0.160919540229885,0.114942528735632,0.0153256704980843,0.130268199233717,0.0957854406130268,0.0153256704980843,0.233716475095786,0.130268199233717,0.0957854406130268,0.00766283524904215,0
"232",1,0,0.102040816326531,0.183673469387755,0.0306122448979592,0.0918367346938776,0.0918367346938776,0.0102040816326531,0.244897959183674,0.0663265306122449,0.163265306122449,0.0153061224489796,0
"233",1,0,0.0722433460076046,0.159695817490494,0.0304182509505703,0.0418250950570342,0.14828897338403,0.0684410646387833,0.091254752851711,0.144486692015209,0.121673003802281,0.121673003802281,0
"234",1,0,0.0904059040590407,0.164206642066421,0.0571955719557196,0.0535055350553506,0.108856088560886,0.0535055350553506,0.116236162361624,0.151291512915129,0.121771217712177,0.0830258302583027,0
"235",1,0,0.0135135135135135,0.162162162162162,0.0945945945945946,0.00675675675675676,0.108108108108108,0.108108108108108,0.0337837837837838,0.141891891891892,0.0945945945945946,0.236486486486486,0
"236",1,0,0,0.272727272727273,0.0909090909090909,0,0,0,0.181818181818182,0.0909090909090909,0.0909090909090909,0.272727272727273,0
"237",1,0,0.282051282051282,0.17948717948718,0.0128205128205128,0.0384615384615385,0.102564102564103,0.00641025641025641,0.128205128205128,0.166666666666667,0.0384615384615385,0.0448717948717949,0
"238",1,0,0.00934579439252336,0.14018691588785,0.158878504672897,0.00934579439252336,0.121495327102804,0.0934579439252336,0.00934579439252336,0.121495327102804,0.102803738317757,0.233644859813084,0
"239",1,0,0.0533333333333333,0.2,0.106666666666667,0.08,0.133333333333333,0.0133333333333333,0.0533333333333333,0.0933333333333333,0.186666666666667,0.08,0
"240",1,0,0.0776699029126213,0.184466019417476,0.0194174757281553,0.029126213592233,0.174757281553398,0.0194174757281553,0.135922330097087,0.184466019417476,0.0970873786407767,0.0776699029126213,0
"241",1,0,0.0142857142857143,0.128571428571429,0.0857142857142857,0.0142857142857143,0.128571428571429,0.0714285714285714,0.0571428571428571,0.157142857142857,0.228571428571429,0.114285714285714,0
"242",1,0,0.0661157024793388,0.181818181818182,0.0413223140495868,0.0330578512396694,0.12396694214876,0.0578512396694215,0.0661157024793388,0.181818181818182,0.107438016528926,0.140495867768595,0
"243",1,0,0.0685920577617329,0.151624548736462,0.0830324909747292,0.0288808664259928,0.0938628158844765,0.0649819494584838,0.0974729241877256,0.184115523465704,0.104693140794224,0.122743682310469,0
"244",1,0,0,0.205128205128205,0.128205128205128,0.0512820512820513,0.0256410256410256,0.0256410256410256,0.128205128205128,0.0769230769230769,0.358974358974359,0,0
"245",1,0,0.104972375690608,0.196132596685082,0.0607734806629834,0.0469613259668508,0.091160220994475,0.031767955801105,0.143646408839779,0.117403314917127,0.121546961325967,0.085635359116022,0
"246",1,0,0.0625,0,0.125,0.0625,0.0625,0,0,0.1875,0.25,0.25,0
"247",1,0,0,0.1,0.1,0,0.1,0.15,0,0.15,0.1,0.3,0
"248",1,0,0.0395010395010395,0.158004158004158,0.0852390852390852,0.0436590436590437,0.133056133056133,0.051975051975052,0.0893970893970894,0.101871101871102,0.14968814968815,0.147609147609148,0
"249",1,0,0.0688775510204082,0.186224489795919,0.0739795918367347,0.0204081632653061,0.0918367346938776,0.0484693877551021,0.0790816326530613,0.153061224489796,0.104591836734694,0.173469387755102,0
