"","FFL","No_FFL","PP","PM","PN","NP","NM","NN","MP","MM2","MM1","MN","NonPl_X"
"1",1,0,0.0709534368070953,0.133037694013304,0.0376940133037694,0.0942350332594236,0.129711751662971,0.0299334811529934,0.16629711751663,0.119733924611974,0.14079822616408,0.0776053215077605,0
"2",1,0,0.131687242798354,0.137174211248285,0.0260631001371742,0.0713305898491083,0.102880658436214,0.0356652949245542,0.205761316872429,0.123456790123457,0.11522633744856,0.0507544581618655,0
"3",1,0,0.0477815699658703,0.167235494880546,0.0921501706484641,0.0136518771331058,0.0921501706484641,0.098976109215017,0.0511945392491468,0.150170648464164,0.102389078498293,0.184300341296928,0
"4",1,0,0.0833333333333333,0.196969696969697,0.0606060606060606,0.0454545454545455,0.0984848484848485,0.0227272727272727,0.113636363636364,0.143939393939394,0.106060606060606,0.128787878787879,0
"5",1,0,0.0163934426229508,0.155737704918033,0.163934426229508,0.00819672131147541,0.0983606557377049,0.0983606557377049,0.0245901639344262,0.10655737704918,0.122950819672131,0.204918032786885,0
"6",1,0,0.0339052287581699,0.110294117647059,0.0780228758169933,0.0841503267973854,0.134395424836601,0.0477941176470587,0.121323529411764,0.0955882352941174,0.172385620915032,0.122140522875817,0
"7",1,0,0.0885167464114834,0.136363636363637,0.0322966507177033,0.0753588516746412,0.114832535885168,0.0239234449760765,0.175837320574163,0.133971291866029,0.135167464114833,0.083732057416268,0
"8",1,0,0.104032258064516,0.116129032258065,0.032258064516129,0.108064516129032,0.101612903225807,0.0266129032258064,0.212096774193547,0.108870967741936,0.140322580645161,0.05,0
"9",1,0,0.0505136986301371,0.113869863013699,0.070205479452055,0.0565068493150686,0.138698630136987,0.0616438356164385,0.099315068493151,0.120719178082192,0.141267123287672,0.147260273972603,0
"10",1,0,0.0710784313725488,0.11813725490196,0.0441176470588234,0.068627450980392,0.119607843137255,0.0622549019607841,0.149509803921568,0.125980392156862,0.119117647058823,0.12156862745098,0
"11",1,0,0.149863760217984,0.122615803814714,0.00817438692098093,0.0980926430517711,0.0899182561307902,0.00817438692098093,0.280653950953679,0.125340599455041,0.0980926430517711,0.0190735694822888,0
"12",1,0,0.0443037974683544,0.126582278481013,0.0759493670886076,0.0443037974683544,0.132911392405063,0.069620253164557,0.0822784810126582,0.164556962025317,0.151898734177215,0.107594936708861,0
"13",1,0,0.0843373493975904,0.118072289156627,0.0192771084337349,0.0746987951807229,0.142168674698795,0.036144578313253,0.185542168674699,0.15421686746988,0.12289156626506,0.0626506024096385,0
"14",1,0,0.0451612903225806,0.116129032258065,0.0580645161290323,0.0451612903225806,0.129032258064516,0.0967741935483871,0.0258064516129032,0.161290322580645,0.167741935483871,0.154838709677419,0
"15",1,0,0,0.0625,0.104166666666667,0,0.09375,0.166666666666667,0,0.09375,0.114583333333333,0.364583333333333,0
"16",1,0,0.089171974522293,0.114649681528662,0.0254777070063694,0.0764331210191083,0.127388535031847,0.0254777070063694,0.191082802547771,0.171974522292994,0.140127388535032,0.0382165605095541,0
"17",1,0,0.078125,0.146875,0.021875,0.059375,0.11875,0.01875,0.165625,0.171875,0.1375,0.08125,0
"18",1,0,0.0149812734082397,0.134831460674157,0.104868913857678,0.0112359550561798,0.108614232209738,0.112359550561798,0.0299625468164794,0.131086142322097,0.119850187265918,0.232209737827716,0
"19",1,0,0.00869565217391304,0.0695652173913044,0.11304347826087,0.00869565217391304,0.0826086956521739,0.165217391304348,0.0130434782608696,0.134782608695652,0.0956521739130435,0.308695652173913,0
"20",1,0,0.0482573726541555,0.123324396782842,0.0750670241286864,0.0375335120643432,0.120643431635389,0.0670241286863271,0.0777479892761394,0.171581769436997,0.160857908847185,0.117962466487936,0
"21",1,0,0.0829493087557603,0.147465437788018,0.0184331797235023,0.0737327188940092,0.129032258064516,0.0184331797235023,0.179723502304147,0.142857142857143,0.138248847926267,0.0691244239631336,0
"22",1,0,0.02,0.04,0.12,0.02,0.1,0.1,0.02,0.18,0.24,0.16,0
"23",1,0,0,0,0.277777777777778,0,0,0.277777777777778,0,0,0,0.444444444444445,0
"24",1,0,0.0238095238095238,0.151785714285714,0.0833333333333334,0.0119047619047619,0.0982142857142858,0.0922619047619048,0.0416666666666667,0.166666666666667,0.110119047619048,0.220238095238095,0
"25",1,0,0.124731182795699,0.103225806451613,0.00860215053763441,0.146236559139785,0.0709677419354839,0.00645161290322581,0.309677419354838,0.0795698924731183,0.139784946236559,0.010752688172043,0
"26",1,0,0.0403726708074534,0.136645962732919,0.0481366459627329,0.0496894409937888,0.133540372670808,0.0512422360248447,0.10248447204969,0.152173913043478,0.139751552795031,0.145962732919255,0
"27",1,0,0.0526315789473684,0.105263157894737,0.0191387559808612,0.0909090909090909,0.172248803827751,0.0382775119617225,0.181818181818182,0.143540669856459,0.143540669856459,0.0526315789473684,0
"28",1,0,0.0446428571428572,0.12202380952381,0.0654761904761905,0.0416666666666667,0.125,0.0744047619047619,0.068452380952381,0.163690476190476,0.163690476190476,0.130952380952381,0
"29",1,0,0.104761904761905,0.140476190476191,0.00952380952380952,0.10952380952381,0.102380952380952,0.00476190476190476,0.25,0.0976190476190477,0.145238095238095,0.0357142857142857,0
"30",1,0,0.00900900900900901,0.0720720720720721,0.0990990990990991,0,0.171171171171171,0.126126126126126,0.018018018018018,0.117117117117117,0.126126126126126,0.261261261261261,0
"31",1,0,0.117647058823529,0.191176470588235,0.0147058823529412,0.117647058823529,0.132352941176471,0,0.147058823529412,0.117647058823529,0.147058823529412,0.0147058823529412,0
"32",1,0,0.0412371134020619,0.134020618556701,0.0412371134020619,0.0360824742268041,0.149484536082474,0.0721649484536083,0.0824742268041237,0.170103092783505,0.11340206185567,0.15979381443299,0
"33",1,0,0.0521172638436482,0.143322475570033,0.0553745928338762,0.0667752442996743,0.128664495114007,0.0374592833876222,0.110749185667752,0.122149837133551,0.171009771986971,0.112377850162866,0
"34",1,0,0.0133333333333333,0.106666666666667,0.133333333333333,0.0133333333333333,0.113333333333333,0.106666666666667,0.0266666666666667,0.12,0.18,0.186666666666667,0
"35",1,0,0.0477386934673366,0.134422110552764,0.0414572864321608,0.0389447236180904,0.14321608040201,0.0640703517587939,0.114321608040201,0.162060301507538,0.118090452261307,0.135678391959799,0
"36",1,0,0.0643033800494641,0.140148392415499,0.0610057708161583,0.0857378400659522,0.118713932399011,0.0387469084913438,0.124484748557296,0.10964550700742,0.151690024732069,0.105523495465787,0
"37",1,0,0.102678571428572,0.205357142857143,0.0736607142857143,0.0334821428571428,0.0625,0.0267857142857143,0.149553571428571,0.140625,0.136160714285714,0.0691964285714286,0
"38",1,0,0.0517836593785961,0.136939010356732,0.0817031070195628,0.0414269275028769,0.100115074798619,0.0667433831990794,0.090909090909091,0.148446490218642,0.12313003452244,0.158803222094361,0
"39",1,0,0.0818858560794045,0.163771712158809,0.0570719602977668,0.0446650124069479,0.0992555831265508,0.032258064516129,0.136476426799007,0.136476426799007,0.13151364764268,0.116625310173697,0
"40",1,0,0.108333333333333,0.188888888888889,0.0333333333333333,0.0722222222222222,0.0666666666666666,0.0194444444444444,0.2,0.119444444444444,0.136111111111111,0.0555555555555555,0
"41",1,0,0.053952321204517,0.141781681304893,0.0828105395232121,0.0238393977415307,0.107904642409034,0.0840652446675031,0.0865746549560853,0.159347553324969,0.110414052697616,0.14930991217064,0
"42",1,0,0.095166163141994,0.128398791540786,0.0438066465256798,0.0634441087613293,0.123867069486405,0.0392749244712991,0.137462235649547,0.152567975830816,0.122356495468278,0.0936555891238671,0
"43",1,0,0.10414333706607,0.13885778275476,0.032474804031355,0.115341545352744,0.0895856662933932,0.00895856662933931,0.228443449048152,0.0907054871220606,0.145576707726764,0.0459126539753639,0
"44",1,0,0.225563909774436,0.0977443609022556,0,0.105263157894737,0.037593984962406,0.0075187969924812,0.293233082706767,0.135338345864662,0.0902255639097744,0.0075187969924812,0
"45",1,0,0.0563380281690141,0.140845070422535,0.101408450704225,0.0366197183098592,0.0957746478873239,0.0450704225352113,0.076056338028169,0.149295774647887,0.152112676056338,0.146478873239437,0
"46",0,1,0,0,0,0,0,0,0,0,0,0,0
"47",1,0,0.09375,0.171875,0.03125,0.0625,0.078125,0,0.265625,0.140625,0.15625,0,0
"48",1,0,0.116935483870968,0.149193548387097,0.0201612903225806,0.125,0.0604838709677419,0,0.290322580645161,0.0725806451612903,0.145161290322581,0.0201612903225806,0
"49",1,0,0.0906976744186046,0.176744186046511,0.0511627906976744,0.0441860465116279,0.113953488372093,0.0302325581395349,0.127906976744186,0.141860465116279,0.130232558139535,0.0930232558139534,0
"50",1,0,0.4,0,0,0,0,0,0.6,0,0,0,0
"51",1,0,0.0800744878957169,0.175046554934823,0.0595903165735568,0.0521415270018622,0.0968342644320297,0.0335195530726257,0.122905027932961,0.147113594040968,0.139664804469274,0.0931098696461824,0
"52",1,0,0,0.24,0.2,0,0.08,0.04,0,0.12,0.08,0.24,0
"53",1,0,0.0192837465564738,0.15702479338843,0.132231404958678,0.0137741046831956,0.0991735537190083,0.0716253443526171,0.0440771349862259,0.112947658402204,0.134986225895317,0.214876033057851,0
"54",1,0,0.194444444444445,0.104166666666667,0,0.125,0.0625,0,0.3125,0.0902777777777778,0.0972222222222223,0.0138888888888889,0
"55",1,0,0.152173913043478,0.145652173913043,0.0282608695652174,0.0695652173913044,0.0891304347826087,0.0195652173913043,0.213043478260869,0.139130434782609,0.115217391304348,0.0282608695652174,0
"56",1,0,0.0465116279069767,0.27906976744186,0.0465116279069767,0.0232558139534884,0.0465116279069767,0,0.0930232558139535,0.162790697674419,0.162790697674419,0.13953488372093,0
"57",1,0,0.064625850340136,0.190476190476191,0.064625850340136,0.0170068027210884,0.0952380952380952,0.0408163265306122,0.108843537414966,0.170068027210884,0.115646258503401,0.13265306122449,0
"58",1,0,0,0.222222222222222,0.222222222222222,0,0,0.0555555555555556,0,0.166666666666667,0,0.333333333333333,0
"59",1,0,0,0.117647058823529,0.235294117647059,0,0,0.0588235294117647,0,0,0,0.588235294117647,0
"60",1,0,0.0555555555555556,0.160130718954248,0.0588235294117647,0.0196078431372549,0.0947712418300654,0.0751633986928105,0.0882352941176471,0.19281045751634,0.127450980392157,0.127450980392157,0
"61",1,0,0.105633802816901,0.130281690140845,0.0176056338028169,0.0563380281690141,0.112676056338028,0.0246478873239437,0.218309859154929,0.161971830985915,0.116197183098591,0.0563380281690141,0
"62",1,0,0.147169811320755,0.132075471698113,0.0150943396226415,0.139622641509434,0.0415094339622641,0.00377358490566038,0.286792452830189,0.0716981132075472,0.158490566037736,0.00377358490566038,0
"63",1,0,0.0759493670886076,0.177215189873418,0.0506329113924051,0.0886075949367089,0.0632911392405063,0,0.20253164556962,0.10126582278481,0.215189873417722,0.0253164556962025,0
"64",1,0,0.0629629629629629,0.162962962962963,0.0851851851851852,0.00740740740740741,0.0629629629629629,0.0962962962962963,0.0296296296296296,0.203703703703704,0.0888888888888889,0.2,0
"65",1,0,0.0535714285714286,0.182142857142857,0.0678571428571429,0.075,0.125,0.025,0.128571428571429,0.0928571428571429,0.175,0.075,0
"66",1,0,0.181528662420382,0.121019108280255,0.00636942675159236,0.0764331210191083,0.0828025477707006,0.00318471337579618,0.273885350318471,0.143312101910828,0.089171974522293,0.0222929936305732,0
"67",1,0,0.0645161290322581,0.204301075268817,0.0430107526881721,0.0268817204301075,0.112903225806452,0.0430107526881721,0.0806451612903226,0.134408602150538,0.134408602150538,0.155913978494624,0
"68",1,0,0.0555555555555556,0.444444444444445,0.0555555555555556,0,0.111111111111111,0,0.111111111111111,0.166666666666667,0.0555555555555556,0,0
"69",0,1,0,0,0,0,0,0,0,0,0,0,0
"70",1,0,0.0707070707070707,0.151515151515152,0.0656565656565656,0.0202020202020202,0.0808080808080808,0.0757575757575758,0.0404040404040404,0.212121212121212,0.141414141414141,0.141414141414141,0
"71",1,0,0.0839580209895052,0.169415292353823,0.0614692653673163,0.0314842578710645,0.109445277361319,0.0764617691154422,0.100449775112444,0.164917541229385,0.0839580209895052,0.118440779610195,0
"72",1,0,0.0511811023622047,0.187007874015748,0.116141732283464,0.0236220472440945,0.102362204724409,0.0531496062992126,0.0787401574803149,0.112204724409449,0.131889763779527,0.143700787401575,0
"73",1,0,0.0896601590744758,0.136659436008677,0.0303687635574837,0.0520607375271151,0.125813449023861,0.0686912509038324,0.13882863340564,0.17353579175705,0.0947216196673897,0.0896601590744758,0
"74",1,0,0.0166666666666667,0.115277777777778,0.115277777777778,0.0333333333333333,0.0958333333333332,0.125,0.0597222222222222,0.0944444444444444,0.152777777777777,0.191666666666666,0
"75",1,0,0.0620155038759689,0.12015503875969,0.0374677002583979,0.08656330749354,0.143410852713178,0.0374677002583979,0.177002583979328,0.12015503875969,0.124031007751938,0.0917312661498707,0
"76",1,0,0.0485207100591716,0.153846153846154,0.0840236686390534,0.0473372781065089,0.118343195266272,0.0532544378698225,0.102958579881657,0.0970414201183434,0.153846153846154,0.140828402366864,0
"77",1,0,0.103448275862069,0.162758620689655,0.0620689655172413,0.117241379310345,0.0703448275862069,0.0096551724137931,0.234482758620689,0.0551724137931034,0.136551724137931,0.0482758620689655,0
"78",1,0,0.0365448504983389,0.166112956810631,0.109634551495017,0.00332225913621262,0.0863787375415282,0.0897009966777408,0.0465116279069768,0.159468438538206,0.0963455149501661,0.205980066445182,0
"79",1,0,0,0.173076923076923,0.153846153846154,0.0192307692307692,0.115384615384615,0.0769230769230769,0.0192307692307692,0.0576923076923077,0.153846153846154,0.230769230769231,0
"80",1,0,0.0761099365750528,0.137420718816068,0.0433403805496829,0.0761099365750528,0.126849894291755,0.0306553911205074,0.1553911205074,0.121564482029598,0.144820295983087,0.087737843551797,0
"81",1,0,0.036144578313253,0.122489959839357,0.072289156626506,0.0843373493975903,0.118473895582329,0.0401606425702811,0.0943775100401606,0.118473895582329,0.190763052208835,0.122489959839357,0
"82",1,0,0.0977596741344196,0.134419551934827,0.0203665987780041,0.0916496945010184,0.09979633401222,0.0203665987780041,0.209775967413442,0.142566191446029,0.132382892057027,0.0509164969450102,0
"83",1,0,0,0,0.2,0,0.0740740740740741,0.214814814814815,0,0,0.0666666666666667,0.444444444444445,0
"84",1,0,0.00680272108843537,0.108843537414966,0.0476190476190476,0.0408163265306122,0.149659863945578,0.0884353741496598,0.0816326530612245,0.129251700680272,0.19047619047619,0.156462585034014,0
"85",1,0,0.0410958904109589,0.132420091324201,0.0776255707762557,0.0547945205479452,0.159817351598174,0.0547945205479452,0.0821917808219178,0.118721461187215,0.141552511415525,0.136986301369863,0
"86",1,0,0.141921397379913,0.0895196506550219,0.00655021834061135,0.126637554585153,0.11353711790393,0.0152838427947598,0.292576419213974,0.120087336244542,0.0873362445414847,0.00655021834061135,0
"87",1,0,0.0581395348837209,0.209302325581395,0.0465116279069767,0.0581395348837209,0.13953488372093,0.0116279069767442,0.127906976744186,0.104651162790698,0.186046511627907,0.0581395348837209,0
"88",1,0,0.109452736318408,0.121890547263682,0.0124378109452736,0.0746268656716418,0.131840796019901,0.0323383084577114,0.18407960199005,0.181592039800995,0.0995024875621891,0.0522388059701493,0
"89",1,0,0.0190839694656489,0.129770992366412,0.049618320610687,0.0305343511450382,0.156488549618321,0.0648854961832061,0.106870229007634,0.148854961832061,0.148854961832061,0.145038167938931,0
"90",1,0,0.0158730158730159,0.137566137566138,0.0899470899470899,0.00529100529100529,0.0740740740740741,0.126984126984127,0.037037037037037,0.222222222222222,0.0899470899470899,0.201058201058201,0
"91",1,0,0.173431734317343,0.0738007380073801,0,0.14760147601476,0.0774907749077491,0,0.37269372693727,0.0922509225092251,0.062730627306273,0,0
"92",1,0,0.04,0.148571428571429,0.04,0.04,0.131428571428571,0.0685714285714286,0.102857142857143,0.188571428571429,0.12,0.12,0
"93",1,0,0.08130081300813,0.138211382113821,0.0345528455284553,0.0386178861788618,0.126016260162602,0.0589430894308943,0.117886178861789,0.207317073170732,0.097560975609756,0.0995934959349593,0
"94",1,0,0.0586080586080586,0.102564102564103,0.0293040293040293,0.032967032967033,0.19047619047619,0.0989010989010989,0.128205128205128,0.201465201465201,0.0805860805860806,0.0769230769230769,0
"95",1,0,0.0216450216450216,0.138528138528139,0.0952380952380953,0.0173160173160173,0.103896103896104,0.103896103896104,0.025974025974026,0.168831168831169,0.0995670995670996,0.225108225108225,0
"96",1,0,0,0.0677966101694915,0.11864406779661,0.0254237288135593,0.11864406779661,0.14406779661017,0.0169491525423729,0.076271186440678,0.186440677966102,0.245762711864407,0
"97",1,0,0.0638297872340425,0.151975683890578,0.033434650455927,0.0547112462006079,0.109422492401216,0.0759878419452888,0.109422492401216,0.167173252279635,0.124620060790274,0.109422492401216,0
"98",1,0,0.0257731958762887,0.108247422680412,0.0618556701030928,0.123711340206186,0.134020618556701,0.0154639175257732,0.11340206185567,0.103092783505155,0.22680412371134,0.0876288659793814,0
"99",1,0,0.0430769230769231,0.12,0.0492307692307692,0.0861538461538461,0.156923076923077,0.0246153846153846,0.163076923076923,0.129230769230769,0.16,0.0676923076923077,0
"100",1,0,0.0263157894736842,0.087719298245614,0.087719298245614,0.0263157894736842,0.184210526315789,0.157894736842105,0.0350877192982456,0.166666666666667,0.087719298245614,0.140350877192982,0
"101",1,0,0.108641975308642,0.120987654320988,0.0197530864197531,0.133333333333333,0.106172839506173,0.00987654320987654,0.251851851851851,0.116049382716049,0.11358024691358,0.0197530864197531,0
"102",1,0,0.056701030927835,0.149484536082474,0.0515463917525773,0.0541237113402062,0.115979381443299,0.0489690721649484,0.121134020618557,0.152061855670103,0.157216494845361,0.0927835051546392,0
"103",1,0,0.181372549019608,0.0931372549019607,0.0147058823529412,0.0833333333333333,0.0735294117647059,0.0147058823529412,0.279411764705882,0.151960784313725,0.102941176470588,0.00490196078431373,0
"104",1,0,0.0233918128654971,0.105263157894737,0.0526315789473684,0.064327485380117,0.169590643274854,0.0760233918128655,0.0760233918128655,0.146198830409357,0.12280701754386,0.16374269005848,0
"105",1,0,0.0229885057471264,0.137931034482759,0.0229885057471264,0.0344827586206897,0.160919540229885,0.103448275862069,0.0689655172413793,0.149425287356322,0.114942528735632,0.183908045977011,0
"106",1,0,0.0884879725085909,0.149484536082474,0.0455326460481099,0.0292096219931272,0.11340206185567,0.0713058419243985,0.109106529209622,0.188144329896907,0.092783505154639,0.11254295532646,0
"107",1,0,0.0417972831765935,0.11128526645768,0.0773249738766979,0.0287356321839081,0.122257053291536,0.109717868338558,0.0747126436781608,0.155172413793104,0.0982236154649946,0.180773249738768,0
"108",1,0,0.0217391304347826,0.108695652173913,0.195652173913043,0.0217391304347826,0.0652173913043478,0.0217391304347826,0.0217391304347826,0.108695652173913,0.173913043478261,0.260869565217391,0
"109",1,0,0.109756097560976,0.15609756097561,0.0365853658536585,0.0658536585365854,0.0853658536585366,0.024390243902439,0.195121951219512,0.146341463414634,0.117073170731707,0.0634146341463415,0
"110",1,0,0.0617977528089888,0.168539325842697,0.103932584269663,0.0449438202247191,0.103932584269663,0.0421348314606742,0.0646067415730337,0.106741573033708,0.157303370786517,0.146067415730337,0
"111",1,0,0.0202156334231806,0.119946091644205,0.118598382749326,0.0296495956873315,0.123989218328841,0.0849056603773585,0.0592991913746631,0.101078167115903,0.142857142857143,0.199460916442048,0
"112",1,0,0.224852071005917,0.195266272189349,0.0177514792899408,0.0414201183431953,0.0710059171597633,0.00591715976331361,0.218934911242604,0.106508875739645,0.0946745562130178,0.0236686390532544,0
"113",1,0,0.0312907431551499,0.152542372881356,0.108213820078227,0.0508474576271186,0.102998696219035,0.0430247718383311,0.089960886571056,0.0938722294654497,0.177314211212516,0.14993481095176,0
"114",1,0,0.0757575757575757,0.166666666666667,0.053030303030303,0.0189393939393939,0.113636363636364,0.0757575757575757,0.0681818181818181,0.174242424242424,0.0946969696969696,0.159090909090909,0
"115",1,0,0.0742793791574279,0.0975609756097562,0.0210643015521064,0.124168514412417,0.143015521064302,0.0288248337028825,0.212860310421286,0.120842572062084,0.120842572062084,0.0565410199556541,0
"116",1,0,0.0973084886128364,0.167701863354038,0.0496894409937888,0.0683229813664596,0.113871635610766,0.0248447204968944,0.186335403726708,0.132505175983437,0.109730848861284,0.0496894409937888,0
"117",1,0,0.106766917293233,0.150375939849624,0.0330827067669173,0.0691729323308271,0.120300751879699,0.0270676691729323,0.171428571428571,0.138345864661654,0.118796992481203,0.0646616541353384,0
"118",1,0,0.032319391634981,0.152091254752852,0.0836501901140685,0.0342205323193916,0.134980988593156,0.0836501901140685,0.0570342205323194,0.11787072243346,0.112167300380228,0.192015209125475,0
"119",1,0,0,0.222222222222222,0.333333333333333,0,0,0,0,0.222222222222222,0.222222222222222,0,0
"120",1,0,0.0144927536231884,0.217391304347826,0.231884057971015,0,0,0.0869565217391304,0,0.101449275362319,0.0289855072463768,0.318840579710145,0
"121",1,0,0,0,1,0,0,0,0,0,0,0,0
"122",0,1,0,0,0,0,0,0,0,0,0,0,0
"123",1,0,0.0909090909090909,0.220779220779221,0.155844155844156,0.025974025974026,0.051948051948052,0.012987012987013,0.051948051948052,0.155844155844156,0.155844155844156,0.0779220779220779,0
"124",1,0,0.052,0.168,0.056,0.076,0.132,0.032,0.148,0.0920000000000001,0.172,0.072,0
"125",1,0,0.0545454545454545,0.2,0.0909090909090909,0.00909090909090909,0.1,0.0636363636363636,0.0545454545454545,0.127272727272727,0.127272727272727,0.172727272727273,0
"126",1,0,0,0.124137931034483,0.220689655172414,0,0,0.2,0,0.0758620689655172,0,0.379310344827587,0
"127",1,0,0.0217391304347826,0.217391304347826,0.130434782608696,0.0434782608695652,0.130434782608696,0.0217391304347826,0.0217391304347826,0.130434782608696,0.152173913043478,0.130434782608696,0
"128",1,0,0,0.272727272727273,0.272727272727273,0,0,0.0454545454545455,0,0.0454545454545455,0,0.363636363636364,0
"129",1,0,0.170263788968825,0.0959232613908873,0.00479616306954436,0.148681055155875,0.11031175059952,0.00479616306954436,0.270983213429257,0.105515587529976,0.0743405275779376,0.0143884892086331,0
"130",1,0,0.583333333333333,0,0,0,0,0,0.166666666666667,0.25,0,0,0
"131",1,0,0,1,0,0,0,0,0,0,0,0,0
"132",1,0,0.205882352941177,0.120320855614973,0.00802139037433155,0.133689839572192,0.0721925133689839,0,0.240641711229947,0.0989304812834224,0.106951871657754,0.0133689839572193,0
"133",1,0,0.114893617021277,0.178723404255319,0.025531914893617,0.0765957446808511,0.097872340425532,0.00851063829787234,0.195744680851064,0.136170212765958,0.102127659574468,0.0638297872340425,0
"134",1,0,0,0.4,0,0,0,0,0,0.2,0.2,0.2,0
"135",0,1,0,0,0,0,0,0,0,0,0,0,0
"136",1,0,0.062111801242236,0.158385093167702,0.0496894409937888,0.0372670807453416,0.145962732919255,0.0745341614906832,0.077639751552795,0.161490683229814,0.0931677018633541,0.139751552795031,0
"137",0,1,0,0,0,0,0,0,0,0,0,0,0
"138",1,0,0.100244498777506,0.176039119804401,0.0488997555012225,0.0415647921760391,0.107579462102689,0.0342298288508558,0.141809290953545,0.158924205378973,0.114914425427873,0.0757946210268948,0
"139",1,0,0,0.238095238095238,0.19047619047619,0.0476190476190476,0.119047619047619,0.0714285714285714,0.0476190476190476,0.0952380952380952,0.0952380952380952,0.0952380952380952,0
"140",0,1,0,0,0,0,0,0,0,0,0,0,0
"141",1,0,0.0727802037845706,0.111353711790393,0.0429403202328966,0.121542940320233,0.133187772925765,0.0240174672489083,0.157933042212518,0.0909752547307135,0.162299854439593,0.0829694323144106,0
"142",1,0,0.0676818950930626,0.150592216582064,0.0490693739424704,0.0795262267343486,0.131979695431472,0.0355329949238579,0.140439932318105,0.101522842639594,0.15736040609137,0.0862944162436548,0
"143",1,0,0.121725731895223,0.149460708782743,0.0277349768875193,0.0832049306625578,0.101694915254237,0.0169491525423729,0.218798151001541,0.117103235747303,0.117103235747303,0.0462249614791988,0
"144",1,0,0.0943579766536963,0.148832684824902,0.0398832684824902,0.0846303501945523,0.111867704280155,0.0223735408560311,0.181906614785992,0.10408560311284,0.142023346303502,0.0700389105058364,0
"145",1,0,0.016548463356974,0.130023640661939,0.15130023640662,0.0260047281323877,0.115839243498818,0.0780141843971632,0.0520094562647754,0.0969267139479906,0.125295508274232,0.208037825059102,0
"146",1,0,0.0589569160997732,0.151927437641723,0.106575963718821,0.0158730158730159,0.0884353741496598,0.0702947845804988,0.0634920634920635,0.163265306122449,0.115646258503401,0.165532879818594,0
"147",1,0,0.0825688073394494,0.128440366972477,0.033256880733945,0.0837155963302751,0.145642201834862,0.0412844036697248,0.173165137614678,0.130733944954128,0.113532110091743,0.0676605504587156,0
"148",1,0,0,0.0238095238095238,0.285714285714286,0.0238095238095238,0.0833333333333333,0.0952380952380952,0.0238095238095238,0.0595238095238095,0.154761904761905,0.25,0
"149",1,0,0.0313253012048193,0.15421686746988,0.0987951807228916,0.0698795180722892,0.137349397590362,0.0481927710843373,0.091566265060241,0.0867469879518073,0.173493975903614,0.108433734939759,0
"150",1,0,0.0502599653379549,0.11842865395725,0.0525707683419988,0.101097631426921,0.123627960716349,0.0363951473136915,0.154823801270942,0.101097631426921,0.167533217793184,0.0941652224147891,0
"151",1,0,0.0696428571428571,0.153571428571428,0.0517857142857143,0.0589285714285714,0.126785714285714,0.0482142857142857,0.101785714285714,0.151785714285714,0.146428571428571,0.0910714285714285,0
"152",1,0,0.0773480662983425,0.12707182320442,0.0220994475138122,0.110497237569061,0.138121546961326,0.0165745856353591,0.215469613259668,0.116022099447514,0.149171270718232,0.0276243093922652,0
"153",1,0,0.122171945701358,0.119909502262444,0.0203619909502262,0.106334841628959,0.124434389140272,0.0180995475113122,0.214932126696832,0.135746606334842,0.101809954751131,0.0361990950226244,0
"154",1,0,0.0416666666666667,0.173611111111111,0.0416666666666667,0.0277777777777778,0.125,0.0277777777777778,0.118055555555556,0.125,0.159722222222222,0.159722222222222,0
"155",1,0,0.0384615384615385,0.141025641025641,0.0897435897435897,0.0128205128205128,0.141025641025641,0.141025641025641,0.0256410256410256,0.17948717948718,0.0256410256410256,0.205128205128205,0
"156",1,0,0.0575079872204473,0.121405750798722,0.0287539936102236,0.0958466453674121,0.169329073482428,0.0383386581469649,0.130990415335463,0.130990415335463,0.153354632587859,0.073482428115016,0
"157",1,0,0.132911392405063,0.143459915611814,0.0210970464135021,0.0738396624472574,0.126582278481013,0.0232067510548523,0.154008438818565,0.147679324894515,0.111814345991561,0.0654008438818566,0
"158",1,0,0.00869565217391304,0.0869565217391304,0.11304347826087,0.0260869565217391,0.0869565217391304,0.147826086956522,0.0260869565217391,0.0956521739130435,0.173913043478261,0.234782608695652,0
"159",1,0,0,0,0.155555555555556,0,0.0222222222222222,0.288888888888889,0,0,0.0222222222222222,0.511111111111111,0
"160",1,0,0.033434650455927,0.115501519756839,0.0668693009118541,0.0699088145896656,0.179331306990881,0.0759878419452888,0.0790273556231003,0.106382978723404,0.173252279635258,0.100303951367781,0
"161",1,0,0.0480549199084668,0.11441647597254,0.0709382151029748,0.0594965675057208,0.139588100686499,0.068649885583524,0.0778032036613273,0.144164759725401,0.157894736842105,0.118993135011442,0
"162",1,0,0.102150537634409,0.175627240143369,0.0304659498207885,0.0716845878136201,0.136200716845878,0.0268817204301075,0.163082437275986,0.118279569892473,0.118279569892473,0.0573476702508961,0
"163",1,0,0,0,0.184210526315789,0,0,0.210526315789474,0,0,0,0.605263157894737,0
"164",1,0,0.00609756097560976,0.0975609756097561,0.112804878048781,0.0304878048780488,0.146341463414634,0.103658536585366,0.0213414634146341,0.103658536585366,0.149390243902439,0.228658536585366,0
"165",1,0,0.200764818355641,0.0879541108986615,0.00764818355640535,0.116634799235182,0.0841300191204588,0.00956022944550669,0.27151051625239,0.126195028680688,0.0860420650095601,0.00956022944550669,0
"166",1,0,0.0563002680965148,0.134048257372654,0.0750670241286864,0.0455764075067024,0.131367292225201,0.0589812332439679,0.0884718498659518,0.152815013404826,0.150134048257373,0.107238605898123,0
"167",1,0,0.032051282051282,0.128205128205128,0.0673076923076923,0.0480769230769231,0.121794871794872,0.092948717948718,0.0608974358974359,0.144230769230769,0.150641025641026,0.153846153846154,0
"168",1,0,0.154185022026432,0.121879588839941,0.0117474302496329,0.104258443465492,0.1071953010279,0.013215859030837,0.236417033773863,0.123348017621145,0.0969162995594713,0.0308370044052864,0
"169",1,0,0.0050251256281407,0.14572864321608,0.155778894472362,0.0100502512562814,0.110552763819095,0.0804020100502512,0.0351758793969849,0.120603015075377,0.14572864321608,0.190954773869347,0
"170",1,0,0.117730496453901,0.117730496453901,0.0170212765957447,0.116312056737589,0.126241134751773,0.0226950354609929,0.239716312056738,0.117730496453901,0.099290780141844,0.025531914893617,0
"171",1,0,0.106060606060606,0.13030303030303,0.0121212121212121,0.103030303030303,0.133333333333333,0.0121212121212121,0.218181818181818,0.124242424242424,0.124242424242424,0.0363636363636364,0
"172",1,0,0.0373831775700935,0.107476635514019,0.0607476635514019,0.0514018691588785,0.196261682242991,0.0747663551401869,0.0981308411214953,0.0981308411214953,0.163551401869159,0.11214953271028,0
"173",1,0,0.143229166666667,0.135416666666667,0.0130208333333333,0.109375,0.114583333333333,0.0078125,0.2421875,0.106770833333333,0.104166666666667,0.0234375,0
"174",1,0,0.0498084291187739,0.157088122605364,0.0651340996168582,0.0459770114942529,0.134099616858238,0.0383141762452107,0.0919540229885058,0.10727969348659,0.168582375478927,0.14176245210728,0
"175",1,0,0.0105263157894737,0.115789473684211,0.105263157894737,0.0105263157894737,0.147368421052632,0.105263157894737,0,0.0947368421052632,0.136842105263158,0.273684210526316,0
"176",1,0,0.0571030640668524,0.146239554317549,0.0598885793871866,0.0362116991643454,0.126740947075209,0.0654596100278552,0.0988857938718665,0.155988857938719,0.114206128133705,0.139275766016713,0
"177",1,0,0.0360018948365704,0.0999526290857409,0.0738986262434864,0.0506868782567504,0.135954523922311,0.0895310279488391,0.0928469919469442,0.126480341070582,0.129796305068687,0.164850781620085,0
"178",1,0,0.0699893955461295,0.11558854718982,0.0296924708377519,0.0498409331919407,0.149522799575822,0.0668080593849418,0.132555673382821,0.170731707317074,0.102863202545069,0.112407211028632,0
"179",1,0,0.0560165975103734,0.128630705394191,0.04149377593361,0.0684647302904564,0.159751037344398,0.0622406639004149,0.109958506224067,0.128630705394191,0.134854771784233,0.109958506224067,0
"180",1,0,0.0465408805031447,0.122012578616352,0.0553459119496855,0.0327044025157233,0.139622641509434,0.0855345911949685,0.0993710691823899,0.154716981132075,0.105660377358491,0.158490566037736,0
"181",1,0,0.0771276595744681,0.139627659574468,0.050531914893617,0.0877659574468084,0.103723404255319,0.0372340425531915,0.179521276595745,0.117021276595745,0.150265957446808,0.0571808510638298,0
"182",1,0,0.0548780487804878,0.146341463414634,0.0853658536585366,0.024390243902439,0.0914634146341464,0.0731707317073171,0.0792682926829268,0.0975609756097561,0.146341463414634,0.201219512195122,0
"183",1,0,0.0392857142857143,0.142857142857143,0.0833333333333333,0.0202380952380952,0.11547619047619,0.101190476190476,0.0690476190476191,0.159523809523809,0.0964285714285714,0.172619047619047,0
"184",1,0,0.00947867298578199,0.132701421800948,0.0900473933649289,0.023696682464455,0.170616113744076,0.0805687203791469,0.037914691943128,0.0995260663507109,0.132701421800948,0.222748815165877,0
"185",1,0,0.0569526627218934,0.129437869822485,0.0495562130177514,0.0776627218934911,0.127958579881657,0.0488165680473372,0.137573964497042,0.119822485207101,0.147928994082841,0.104289940828402,0
"186",1,0,0.0647590361445783,0.114457831325301,0.0240963855421687,0.131024096385542,0.150602409638554,0.0240963855421687,0.189759036144578,0.112951807228916,0.13855421686747,0.0496987951807229,0
"187",1,0,0,0.0208333333333333,0.177083333333333,0,0.03125,0.291666666666667,0,0.03125,0.0104166666666667,0.4375,0
"188",1,0,0.0419426048565121,0.123620309050773,0.0441501103752759,0.0772626931567329,0.15673289183223,0.0463576158940397,0.154525386313466,0.1280353200883,0.15673289183223,0.0706401766004415,0
"189",1,0,0.06640625,0.1171875,0.04296875,0.05078125,0.1640625,0.0703125,0.12109375,0.16796875,0.12890625,0.0703125,0
"190",1,0,0.0514705882352941,0.0882352941176471,0.0147058823529412,0.136029411764706,0.176470588235294,0.0147058823529412,0.231617647058823,0.117647058823529,0.132352941176471,0.0367647058823529,0
"191",1,0,0,0.0625,0.125,0,0.075,0.1625,0,0.05,0.1,0.425,0
"192",1,0,0,0.126436781609195,0.126436781609195,0,0.0574712643678161,0.195402298850575,0.0114942528735632,0.0919540229885057,0.0689655172413793,0.32183908045977,0
"193",1,0,0.113636363636364,0.0596590909090909,0.0170454545454545,0.116477272727273,0.176136363636364,0.0369318181818182,0.167613636363636,0.159090909090909,0.116477272727273,0.0369318181818182,0
"194",1,0,0,0.0869565217391304,0.152173913043478,0.0108695652173913,0.152173913043478,0.16304347826087,0.0108695652173913,0.119565217391304,0.0760869565217391,0.228260869565217,0
"195",1,0,0.0523809523809524,0.128571428571429,0.0523809523809524,0.0523809523809524,0.138095238095238,0.0619047619047619,0.104761904761905,0.190476190476191,0.123809523809524,0.0952380952380952,0
"196",1,0,0.00425531914893617,0.0553191489361702,0.102127659574468,0.0170212765957447,0.170212765957447,0.140425531914894,0.0212765957446809,0.0851063829787234,0.153191489361702,0.251063829787234,0
"197",1,0,0.025,0.095,0.075,0.035,0.18,0.12,0.06,0.115,0.155,0.14,0
"198",1,0,0.0884353741496598,0.0952380952380952,0.0136054421768707,0.145124716553288,0.147392290249433,0.0249433106575964,0.224489795918368,0.117913832199546,0.111111111111111,0.0317460317460318,0
"199",1,0,0.0416666666666667,0.0946969696969696,0.0189393939393939,0.0757575757575757,0.18560606060606,0.0340909090909091,0.15530303030303,0.151515151515151,0.151515151515151,0.0909090909090909,0
"200",1,0,0.0225563909774436,0.115789473684211,0.0842105263157896,0.0345864661654135,0.157894736842105,0.103759398496241,0.0330827067669173,0.105263157894737,0.130827067669173,0.212030075187969,0
"201",1,0,0.0314465408805031,0.10062893081761,0.0440251572327044,0.0691823899371069,0.157232704402516,0.0440251572327044,0.106918238993711,0.157232704402516,0.169811320754717,0.119496855345912,0
"202",1,0,0.0612745098039215,0.122549019607843,0.0196078431372549,0.0759803921568627,0.176470588235294,0.0490196078431372,0.176470588235294,0.142156862745098,0.110294117647059,0.0661764705882353,0
"203",1,0,0.0151515151515152,0.11038961038961,0.0844155844155844,0.0151515151515152,0.121212121212121,0.132034632034632,0.0303030303030303,0.125541125541125,0.106060606060606,0.25974025974026,0
"204",1,0,0,0.1875,0.125,0,0.09375,0.125,0,0.0625,0.125,0.28125,0
"205",1,0,0.0626865671641791,0.11044776119403,0.0388059701492537,0.0656716417910448,0.158208955223881,0.0507462686567164,0.116417910447761,0.155223880597015,0.122388059701493,0.119402985074627,0
"206",1,0,0.064625850340136,0.0918367346938776,0.0204081632653061,0.119047619047619,0.190476190476191,0.0340136054421769,0.204081632653061,0.13265306122449,0.105442176870748,0.0374149659863946,0
"207",1,0,0,0.15,0.175,0,0.125,0.15,0,0.15,0.1,0.15,0
"208",1,0,0.0256410256410256,0.0769230769230769,0.0683760683760684,0.0854700854700855,0.153846153846154,0.0854700854700855,0.00854700854700855,0.136752136752137,0.170940170940171,0.188034188034188,0
"209",1,0,0.0979729729729729,0.0709459459459459,0.0168918918918919,0.118243243243243,0.152027027027027,0.027027027027027,0.202702702702702,0.152027027027027,0.121621621621622,0.0405405405405405,0
"210",1,0,0.0236686390532544,0.118343195266272,0.0473372781065089,0.029585798816568,0.159763313609467,0.112426035502959,0.0650887573964497,0.142011834319527,0.106508875739645,0.195266272189349,0
"211",1,0,0.10968660968661,0.178062678062678,0.0484330484330484,0.0726495726495726,0.0883190883190883,0.0156695156695157,0.198005698005698,0.0968660968660969,0.138176638176638,0.0541310541310541,0
"212",1,0,0.039671682626539,0.151846785225718,0.116279069767442,0.0232558139534884,0.102599179206566,0.0588235294117647,0.079343365253078,0.117647058823529,0.129958960328317,0.180574555403556,0
"213",1,0,0.0475578406169666,0.165809768637532,0.127249357326478,0.0269922879177378,0.0616966580976863,0.0578406169665809,0.0694087403598971,0.12853470437018,0.140102827763496,0.174807197943445,0
"214",1,0,0,0.0882352941176471,0.470588235294118,0,0,0.0588235294117647,0,0,0,0.382352941176471,0
"215",1,0,0.0632183908045977,0.165229885057471,0.0747126436781609,0.0272988505747126,0.100574712643678,0.0689655172413793,0.104885057471264,0.14367816091954,0.10919540229885,0.142241379310345,0
"216",0,1,0,0,0,0,0,0,0,0,0,0,0
"217",1,0,0.0978473581213307,0.13307240704501,0.0273972602739726,0.0958904109589041,0.107632093933464,0.0176125244618395,0.213307240704501,0.113502935420744,0.13307240704501,0.060665362035225,0
"218",1,0,0.122186495176849,0.122186495176849,0.0321543408360129,0.0996784565916397,0.0975348338692389,0.0257234726688103,0.211146838156485,0.101822079314041,0.12647374062165,0.0610932475884245,0
"219",1,0,0.0685279187817259,0.175126903553299,0.0685279187817259,0.0355329949238579,0.114213197969543,0.0532994923857868,0.106598984771574,0.121827411167513,0.126903553299492,0.129441624365482,0
"220",1,0,0.0672268907563025,0.159663865546218,0.109243697478992,0.0672268907563025,0.0672268907563025,0,0.142857142857143,0.0504201680672269,0.277310924369748,0.0588235294117647,0
"221",1,0,0.0272373540856031,0.136186770428016,0.101167315175097,0.0466926070038911,0.143968871595331,0.0505836575875486,0.0739299610894942,0.0894941634241245,0.175097276264591,0.155642023346303,0
"222",1,0,0.0769230769230769,0.215384615384615,0.0769230769230769,0.0461538461538462,0.107692307692308,0.0307692307692308,0.0769230769230769,0.0923076923076923,0.2,0.0769230769230769,0
"223",1,0,0,0.384615384615385,0.0769230769230769,0,0.153846153846154,0.0769230769230769,0,0.192307692307692,0,0.115384615384615,0
"224",1,0,0.102409638554217,0.198795180722892,0.0301204819277108,0.0240963855421687,0.132530120481928,0.0481927710843373,0.132530120481928,0.198795180722892,0.0662650602409638,0.0662650602409638,0
"225",1,0,0.192307692307692,0.0576923076923077,0,0.158653846153846,0.0865384615384615,0.00480769230769231,0.3125,0.105769230769231,0.0673076923076923,0.0144230769230769,0
"226",0,1,0,0,0,0,0,0,0,0,0,0,0
"227",1,0,0.114942528735632,0.176245210727969,0.0153256704980843,0.10727969348659,0.0881226053639847,0,0.256704980842912,0.0651340996168582,0.145593869731801,0.0306513409961686,0
"228",1,0,0.0967741935483871,0.2,0.032258064516129,0.0645161290322581,0.135483870967742,0.032258064516129,0.12258064516129,0.135483870967742,0.103225806451613,0.0774193548387097,0
"229",0,1,0,0,0,0,0,0,0,0,0,0,0
"230",1,0,0.161016949152542,0.139830508474576,0.0169491525423729,0.0466101694915254,0.122881355932203,0.0338983050847458,0.182203389830508,0.203389830508474,0.0550847457627119,0.038135593220339,0
"231",1,0,0,0,0.25,0,0.25,0,0,0.25,0.25,0,0
"232",1,0,0.0253164556962025,0.189873417721519,0.0886075949367089,0,0.126582278481013,0.113924050632911,0.0632911392405063,0.151898734177215,0.10126582278481,0.139240506329114,0
"233",1,0,0,0.148148148148148,0.222222222222222,0,0.111111111111111,0,0,0.037037037037037,0.259259259259259,0.222222222222222,0
