"","FFL","No_FFL","C3","C1","C2","C4","I2","I4","I3","I1","NonPl_X"
"1",1,0,0.027027027027027,0.193693693693694,0.0900900900900901,0.0945945945945946,0.0405405405405405,0.252252252252252,0.166666666666667,0.135135135135135,0
"2",1,0,0.0666666666666667,0.0666666666666667,0.1,0.266666666666667,0.166666666666667,0.1,0.133333333333333,0.1,0
"3",1,0,0.0769230769230769,0.179487179487179,0.128205128205128,0.0769230769230769,0.0769230769230769,0.205128205128205,0.102564102564103,0.153846153846154,0
"4",1,0,0,0.310344827586207,0.0862068965517241,0.120689655172414,0.0172413793103448,0.275862068965517,0.137931034482759,0.0517241379310345,0
"5",1,0,0.06,0.22,0.16,0.08,0.02,0.22,0.08,0.16,0
"6",1,0,0.12,0.08,0.12,0.24,0.2,0.08,0.08,0.08,0
"7",1,0,0.138461538461538,0.0769230769230769,0.2,0.0769230769230769,0.123076923076923,0.138461538461538,0.0923076923076923,0.153846153846154,0
"8",1,0,0.1,0.1,0.142857142857143,0.171428571428571,0.0857142857142857,0.128571428571429,0.142857142857143,0.128571428571429,0
"9",1,0,0.116788321167883,0.109489051094891,0.0875912408759124,0.109489051094891,0.109489051094891,0.160583941605839,0.160583941605839,0.145985401459854,0
"10",1,0,0.0773809523809524,0.178571428571429,0.113095238095238,0.0892857142857143,0.0416666666666667,0.208333333333333,0.160714285714286,0.130952380952381,0
"11",1,0,0.112903225806452,0.129032258064516,0.145161290322581,0.17741935483871,0.0806451612903226,0.145161290322581,0.0806451612903226,0.129032258064516,0
"12",1,0,0.102941176470588,0.161764705882353,0.235294117647059,0.117647058823529,0.102941176470588,0.0588235294117647,0.117647058823529,0.102941176470588,0
"13",1,0,0.0819672131147541,0.229508196721311,0.114754098360656,0.180327868852459,0.0163934426229508,0.213114754098361,0.131147540983607,0.0327868852459016,0
"14",1,0,0.0714285714285714,0.0952380952380952,0.0714285714285714,0.19047619047619,0.166666666666667,0.0952380952380952,0.119047619047619,0.19047619047619,0
"15",1,0,0.108870967741935,0.165322580645161,0.133064516129032,0.189516129032258,0.064516129032258,0.116935483870968,0.137096774193548,0.0846774193548387,0
"16",1,0,0,0.326923076923077,0.0769230769230769,0.192307692307692,0,0.326923076923077,0,0.0769230769230769,0
"17",1,0,0.0434782608695652,0.217391304347826,0.0869565217391304,0.0869565217391304,0.0434782608695652,0.173913043478261,0.0869565217391304,0.260869565217391,0
"18",1,0,0.0454545454545455,0.181818181818182,0.0909090909090909,0.159090909090909,0.0681818181818182,0.204545454545455,0.204545454545455,0.0454545454545455,0
"19",1,0,0.0454545454545455,0.159090909090909,0.0909090909090909,0.136363636363636,0.136363636363636,0.136363636363636,0.204545454545455,0.0909090909090909,0
"20",1,0,0.0196078431372549,0.215686274509804,0.156862745098039,0.117647058823529,0.0392156862745098,0.215686274509804,0.137254901960784,0.0980392156862745,0
"21",1,0,0.182142857142857,0.05,0.110714285714286,0.125,0.2,0.0464285714285714,0.15,0.135714285714286,0
"22",1,0,0.203947368421052,0.0789473684210526,0.0986842105263158,0.0921052631578947,0.151315789473684,0.0921052631578947,0.125,0.157894736842105,0
"23",1,0,0.155844155844156,0.025974025974026,0.142857142857143,0.181818181818182,0.168831168831169,0.103896103896104,0.103896103896104,0.116883116883117,0
"24",1,0,0.0142857142857143,0.171428571428571,0.142857142857143,0.0857142857142857,0.0285714285714286,0.371428571428571,0.114285714285714,0.0714285714285714,0
"25",1,0,0.0754716981132075,0.0377358490566038,0.150943396226415,0.150943396226415,0.188679245283019,0.0943396226415094,0.207547169811321,0.0943396226415094,0
"26",1,0,0.062015503875969,0.209302325581395,0.0930232558139535,0.0930232558139535,0.0542635658914729,0.224806201550388,0.13953488372093,0.124031007751938,0
"27",1,0,0.157894736842105,0.105263157894737,0.0526315789473684,0.157894736842105,0.157894736842105,0.0526315789473684,0,0.315789473684211,0
"28",1,0,0.0185185185185185,0.351851851851852,0.0925925925925926,0.0925925925925926,0,0.240740740740741,0.111111111111111,0.0925925925925926,0
"29",1,0,0.0294117647058824,0.279411764705882,0.0882352941176471,0.117647058823529,0.0294117647058824,0.205882352941176,0.147058823529412,0.102941176470588,0
"30",1,0,0.0526315789473684,0.171052631578947,0.0921052631578947,0.157894736842105,0.0263157894736842,0.223684210526316,0.184210526315789,0.0921052631578947,0
"31",1,0,0.180327868852459,0.0557377049180328,0.147540983606557,0.121311475409836,0.19672131147541,0.0524590163934426,0.101639344262295,0.144262295081967,0
"32",1,0,0.0307692307692308,0.2,0.123076923076923,0.107692307692308,0.0615384615384615,0.246153846153846,0.0769230769230769,0.153846153846154,0
"33",1,0,0.0357142857142857,0.178571428571429,0.160714285714286,0.178571428571429,0.0892857142857143,0.160714285714286,0.0714285714285714,0.125,0
"34",1,0,0.166666666666667,0.0277777777777778,0.138888888888889,0.138888888888889,0.194444444444445,0.0972222222222222,0.0972222222222222,0.138888888888889,0
"35",1,0,0.181818181818182,0.0454545454545455,0.0909090909090909,0.227272727272727,0.0909090909090909,0.181818181818182,0.0909090909090909,0.0909090909090909,0
"36",1,0,0.0357142857142857,0.142857142857143,0.160714285714286,0.214285714285714,0.0178571428571429,0.214285714285714,0.107142857142857,0.107142857142857,0
"37",1,0,0.157894736842105,0.0526315789473684,0.087719298245614,0.210526315789474,0.192982456140351,0.0526315789473684,0.0526315789473684,0.192982456140351,0
"38",1,0,0.0127388535031847,0.299363057324841,0.0764331210191083,0.10828025477707,0.0127388535031847,0.248407643312102,0.10828025477707,0.133757961783439,0
"39",1,0,0.163265306122449,0.122448979591837,0.122448979591837,0.204081632653061,0.0816326530612245,0.102040816326531,0.0816326530612245,0.122448979591837,0
"40",1,0,0.0238095238095238,0.285714285714286,0.0952380952380952,0.0714285714285714,0.0476190476190476,0.285714285714286,0.142857142857143,0.0476190476190476,0
"41",1,0,0.0217391304347826,0.239130434782609,0.130434782608696,0.195652173913043,0.0652173913043478,0.130434782608696,0.152173913043478,0.0652173913043478,0
"42",1,0,0.0338983050847458,0.220338983050848,0.0847457627118644,0.169491525423729,0.0338983050847458,0.271186440677966,0.101694915254237,0.0847457627118644,0
"43",1,0,0.23936170212766,0.0212765957446809,0.101063829787234,0.117021276595745,0.276595744680851,0.0159574468085106,0.074468085106383,0.154255319148936,0
"44",1,0,0.118343195266272,0.0887573964497042,0.142011834319527,0.124260355029586,0.165680473372781,0.109467455621302,0.112426035502959,0.13905325443787,0
"45",1,0,0.0425531914893617,0.127659574468085,0.127659574468085,0.212765957446809,0.127659574468085,0.148936170212766,0.106382978723404,0.106382978723404,0
"46",1,0,0.191780821917808,0.0547945205479452,0.164383561643836,0.205479452054795,0.178082191780822,0.0273972602739726,0.136986301369863,0.0410958904109589,0
"47",1,0,0.0298507462686567,0.17910447761194,0.119402985074627,0.208955223880597,0.0895522388059701,0.194029850746269,0.0895522388059701,0.0895522388059701,0
"48",1,0,0.133333333333333,0,0.111111111111111,0.2,0.2,0.155555555555556,0.0888888888888889,0.111111111111111,0
"49",1,0,0.0232558139534884,0.186046511627907,0.0930232558139535,0.186046511627907,0.0232558139534884,0.348837209302325,0.0930232558139535,0.0465116279069767,0
"50",1,0,0.133333333333333,0.133333333333333,0.133333333333333,0.0666666666666667,0.0666666666666667,0.0666666666666667,0.0666666666666667,0.333333333333333,0
"51",1,0,0.0851063829787234,0.106382978723404,0.148936170212766,0.0212765957446809,0.148936170212766,0.148936170212766,0.127659574468085,0.212765957446809,0
"52",1,0,0.0958904109589041,0.205479452054795,0.13013698630137,0.0958904109589041,0.089041095890411,0.10958904109589,0.157534246575342,0.116438356164384,0
"53",1,0,0.0555555555555556,0.166666666666667,0.166666666666667,0.111111111111111,0.0555555555555556,0.0555555555555556,0.222222222222222,0.166666666666667,0
"54",1,0,0.0740740740740741,0.148148148148148,0.0740740740740741,0.333333333333333,0.111111111111111,0.037037037037037,0.0740740740740741,0.148148148148148,0
"55",1,0,0.037037037037037,0.296296296296296,0.0740740740740741,0.222222222222222,0,0.259259259259259,0.037037037037037,0.0740740740740741,0
"56",1,0,0.104294478527607,0.159509202453988,0.122699386503068,0.184049079754601,0.0552147239263804,0.134969325153374,0.116564417177914,0.122699386503068,0
"57",1,0,0.0256410256410256,0.230769230769231,0.102564102564103,0.128205128205128,0.0769230769230769,0.128205128205128,0.230769230769231,0.0769230769230769,0
"58",1,0,0.0888888888888889,0.177777777777778,0.133333333333333,0.111111111111111,0.111111111111111,0.133333333333333,0.133333333333333,0.111111111111111,0
"59",1,0,0.0555555555555556,0.166666666666667,0.111111111111111,0.166666666666667,0.0185185185185185,0.203703703703704,0.148148148148148,0.12962962962963,0
"60",1,0,0.0689655172413793,0.206896551724138,0.137931034482759,0.137931034482759,0.0344827586206897,0.137931034482759,0.206896551724138,0.0689655172413793,0
"61",1,0,0,0.28,0.2,0.12,0.04,0.16,0.08,0.12,0
"62",1,0,0.0163934426229508,0.295081967213115,0.0983606557377049,0.0819672131147541,0,0.360655737704918,0.0655737704918033,0.0819672131147541,0
"63",1,0,0.132978723404255,0.132978723404255,0.143617021276596,0.0797872340425532,0.0904255319148936,0.122340425531915,0.132978723404255,0.164893617021277,0
"64",1,0,0.0504587155963303,0.26605504587156,0.0917431192660551,0.0871559633027523,0.0275229357798165,0.229357798165138,0.128440366972477,0.119266055045872,0
"65",1,0,0.032258064516129,0.241935483870968,0.0806451612903226,0.0806451612903226,0.032258064516129,0.193548387096774,0.145161290322581,0.193548387096774,0
"66",1,0,0.108108108108108,0.108108108108108,0.0540540540540541,0.0810810810810811,0.0810810810810811,0.0540540540540541,0.243243243243243,0.27027027027027,0
"67",1,0,0.12719298245614,0.12719298245614,0.144736842105263,0.153508771929825,0.118421052631579,0.114035087719298,0.105263157894737,0.109649122807018,0
"68",1,0,0.0794044665012407,0.15136476426799,0.156327543424317,0.114143920595533,0.0942928039702233,0.158808933002481,0.119106699751861,0.126550868486352,0
"69",1,0,0.190735694822889,0.0653950953678474,0.119891008174387,0.136239782016349,0.209809264305177,0.0544959128065395,0.111716621253406,0.111716621253406,0
"70",1,0,0.0975609756097561,0.219512195121951,0.195121951219512,0.0487804878048781,0.0487804878048781,0.121951219512195,0.146341463414634,0.121951219512195,0
"71",1,0,0.0405405405405405,0.135135135135135,0.148648648648649,0.202702702702703,0.135135135135135,0.108108108108108,0.0945945945945946,0.135135135135135,0
"72",1,0,0.0526315789473684,0.157894736842105,0.157894736842105,0.105263157894737,0.157894736842105,0.0263157894736842,0.184210526315789,0.157894736842105,0
"73",1,0,0.0821917808219178,0.123287671232877,0.123287671232877,0.191780821917808,0.0684931506849315,0.191780821917808,0.0958904109589041,0.123287671232877,0
"74",1,0,0.0126582278481013,0.164556962025316,0.113924050632911,0.139240506329114,0.10126582278481,0.20253164556962,0.113924050632911,0.151898734177215,0
"75",1,0,0,0.375,0.0375,0.075,0,0.4375,0.05,0.025,0
"76",1,0,0.0609756097560976,0.195121951219512,0.158536585365854,0.0853658536585366,0.0487804878048781,0.24390243902439,0.109756097560976,0.0975609756097561,0
"77",1,0,0.142857142857143,0.0892857142857143,0.160714285714286,0.178571428571429,0.196428571428571,0.0357142857142857,0.107142857142857,0.0892857142857143,0
"78",1,0,0.0159362549800797,0.282868525896414,0.0916334661354581,0.0756972111553784,0.0517928286852589,0.262948207171315,0.103585657370518,0.115537848605578,0
"79",1,0,0.161111111111111,0.0611111111111111,0.127777777777778,0.116666666666667,0.155555555555556,0.0833333333333333,0.127777777777778,0.166666666666667,0
"80",1,0,0.0161290322580645,0.274193548387097,0.0913978494623656,0.129032258064516,0.0591397849462366,0.182795698924731,0.102150537634409,0.145161290322581,0
"81",1,0,0.15,0.1,0.075,0.125,0.075,0.075,0.075,0.325,0
"82",1,0,0.0689655172413793,0.206896551724138,0.103448275862069,0.172413793103448,0.0689655172413793,0.0689655172413793,0.103448275862069,0.206896551724138,0
"83",1,0,0.025,0.275,0.175,0.075,0.05,0.125,0.1,0.175,0
"84",1,0,0.0344827586206897,0.206896551724138,0.103448275862069,0.0344827586206897,0.0689655172413793,0.0689655172413793,0.206896551724138,0.275862068965517,0
"85",1,0,0.0789473684210526,0.184210526315789,0.131578947368421,0.0526315789473684,0.0526315789473684,0.0526315789473684,0.131578947368421,0.315789473684211,0
"86",1,0,0.03125,0.4375,0.03125,0,0,0.1875,0.15625,0.15625,0
"87",1,0,0.212121212121212,0.0909090909090909,0.151515151515152,0.0909090909090909,0.0606060606060606,0.0606060606060606,0.0606060606060606,0.272727272727273,0
"88",1,0,0.153846153846154,0.115384615384615,0.0769230769230769,0.115384615384615,0.0769230769230769,0,0.0769230769230769,0.384615384615385,0
"89",1,0,0.04,0.32,0.04,0.08,0,0.16,0.28,0.08,0
"90",1,0,0.0333333333333333,0.233333333333333,0.1,0.0333333333333333,0.1,0.1,0.133333333333333,0.266666666666667,0
"91",1,0,0.127586206896552,0.113793103448276,0.0931034482758621,0.148275862068966,0.117241379310345,0.120689655172414,0.124137931034483,0.155172413793104,0
"92",1,0,0.295454545454545,0.0454545454545455,0.113636363636364,0.181818181818182,0.181818181818182,0,0.0909090909090909,0.0909090909090909,0
"93",1,0,0,0.288135593220339,0.101694915254237,0.135593220338983,0.0508474576271186,0.220338983050848,0.11864406779661,0.0847457627118644,0
"94",1,0,0,0.256410256410256,0.102564102564103,0.128205128205128,0,0.282051282051282,0.102564102564103,0.128205128205128,0
"95",1,0,0.185185185185185,0.037037037037037,0.111111111111111,0.259259259259259,0,0.0740740740740741,0.111111111111111,0.222222222222222,0
"96",1,0,0,0.26984126984127,0.111111111111111,0.0952380952380952,0.0317460317460317,0.301587301587302,0.0793650793650794,0.111111111111111,0
"97",1,0,0.0789473684210526,0.184210526315789,0.157894736842105,0.131578947368421,0.0263157894736842,0.184210526315789,0.131578947368421,0.105263157894737,0
"98",1,0,0.166666666666667,0.0238095238095238,0.119047619047619,0.214285714285714,0.166666666666667,0.0238095238095238,0.119047619047619,0.166666666666667,0
"99",1,0,0.193548387096774,0.0967741935483871,0,0.161290322580645,0.0645161290322581,0.161290322580645,0.193548387096774,0.129032258064516,0
"100",1,0,0.0612244897959184,0.163265306122449,0.142857142857143,0.102040816326531,0.0816326530612245,0.183673469387755,0.102040816326531,0.163265306122449,0
"101",1,0,0,0.27906976744186,0.13953488372093,0.13953488372093,0.0232558139534884,0.209302325581395,0.186046511627907,0.0232558139534884,0
"102",1,0,0.0606060606060606,0.0606060606060606,0.121212121212121,0.121212121212121,0.181818181818182,0.181818181818182,0.151515151515152,0.121212121212121,0
"103",1,0,0,0.354838709677419,0.032258064516129,0.129032258064516,0,0.32258064516129,0.129032258064516,0.032258064516129,0
"104",1,0,0.06,0.18,0.22,0.06,0.02,0.26,0.12,0.08,0
"105",1,0,0.0784313725490196,0.196078431372549,0.137254901960784,0.0980392156862745,0.0392156862745098,0.196078431372549,0.176470588235294,0.0784313725490196,0
"106",1,0,0.0227272727272727,0.25,0.0681818181818182,0.0909090909090909,0.0454545454545455,0.295454545454545,0.0909090909090909,0.136363636363636,0
"107",1,0,0.0961538461538462,0.230769230769231,0.192307692307692,0.0961538461538462,0.0192307692307692,0.192307692307692,0.0192307692307692,0.153846153846154,0
"108",1,0,0.0294117647058824,0.294117647058824,0.147058823529412,0.235294117647059,0.0294117647058824,0.0882352941176471,0.0882352941176471,0.0882352941176471,0
"109",1,0,0.0967741935483871,0.354838709677419,0.161290322580645,0.0645161290322581,0,0.129032258064516,0.0967741935483871,0.0967741935483871,0
"110",1,0,0.0454545454545455,0.272727272727273,0.181818181818182,0.159090909090909,0.113636363636364,0.0227272727272727,0.0909090909090909,0.113636363636364,0
"111",1,0,0.173553719008264,0.107438016528926,0.0743801652892562,0.148760330578512,0.148760330578512,0.0495867768595041,0.12396694214876,0.173553719008264,0
"112",1,0,0.114649681528662,0.133757961783439,0.14968152866242,0.117834394904459,0.114649681528662,0.111464968152866,0.14968152866242,0.10828025477707,0
"113",1,0,0.155844155844156,0.0779220779220779,0.181818181818182,0.246753246753247,0.12987012987013,0.0649350649350649,0.038961038961039,0.103896103896104,0
"114",1,0,0.0196078431372549,0.196078431372549,0.196078431372549,0.235294117647059,0.0980392156862745,0.137254901960784,0.0588235294117647,0.0588235294117647,0
"115",1,0,0.170731707317073,0.0975609756097561,0.24390243902439,0.146341463414634,0.146341463414634,0.0731707317073171,0.024390243902439,0.0975609756097561,0
"116",1,0,0.0806451612903226,0.0806451612903226,0.145161290322581,0.17741935483871,0.209677419354839,0.0967741935483871,0.145161290322581,0.0645161290322581,0
"117",1,0,0,0.317460317460317,0.0317460317460317,0.0793650793650794,0,0.507936507936508,0.0317460317460317,0.0317460317460317,0
"118",1,0,0,0.172413793103448,0.137931034482759,0.0689655172413793,0,0.413793103448276,0.103448275862069,0.103448275862069,0
"119",1,0,0.0830564784053156,0.209302325581395,0.106312292358804,0.119601328903654,0.0332225913621262,0.186046511627907,0.136212624584718,0.12624584717608,0
"120",1,0,0.0460122699386503,0.205521472392638,0.0950920245398773,0.150306748466258,0.049079754601227,0.138036809815951,0.159509202453988,0.156441717791411,0
"121",1,0,0.0572519083969466,0.225190839694657,0.0916030534351145,0.0916030534351145,0.0687022900763359,0.209923664122138,0.114503816793893,0.141221374045802,0
"122",1,0,0.149659863945578,0.108843537414966,0.0680272108843537,0.129251700680272,0.122448979591837,0.115646258503401,0.115646258503401,0.19047619047619,0
"123",1,0,0.271812080536912,0.0402684563758389,0.087248322147651,0.10738255033557,0.214765100671141,0.0402684563758389,0.130872483221476,0.10738255033557,0
"124",1,0,0.015625,0.21875,0.0625,0.09375,0.03125,0.21875,0.21875,0.140625,0
"125",1,0,0.0952380952380952,0.111111111111111,0.0793650793650794,0.0634920634920635,0.142857142857143,0.111111111111111,0.19047619047619,0.206349206349206,0
"126",1,0,0.169014084507042,0.112676056338028,0.0985915492957746,0.0845070422535211,0.0985915492957746,0.112676056338028,0.126760563380282,0.197183098591549,0
"127",1,0,0.0869565217391304,0.115942028985507,0.072463768115942,0.115942028985507,0.0579710144927536,0.188405797101449,0.159420289855072,0.202898550724638,0
"128",1,0,0.258620689655172,0.0689655172413793,0.0689655172413793,0.120689655172414,0.155172413793103,0.0344827586206897,0.206896551724138,0.0862068965517241,0
"129",1,0,0.0140845070422535,0.338028169014084,0.140845070422535,0.126760563380282,0.028169014084507,0.154929577464789,0.0704225352112676,0.126760563380282,0
"130",1,0,0.135135135135135,0.0810810810810811,0.0675675675675676,0.108108108108108,0.202702702702703,0.0540540540540541,0.189189189189189,0.162162162162162,0
"131",1,0,0.0344827586206897,0.229885057471264,0.0804597701149425,0.149425287356322,0.0804597701149425,0.137931034482759,0.137931034482759,0.149425287356322,0
"132",1,0,0.102941176470588,0.102941176470588,0.0735294117647059,0.161764705882353,0.176470588235294,0.0588235294117647,0.25,0.0735294117647059,0
"133",1,0,0.0967741935483871,0.0967741935483871,0.129032258064516,0.161290322580645,0.0645161290322581,0.161290322580645,0.0967741935483871,0.193548387096774,0
"134",1,0,0.0701754385964912,0.157894736842105,0.140350877192982,0.105263157894737,0.0175438596491228,0.210526315789474,0.105263157894737,0.192982456140351,0
"135",1,0,0.148936170212766,0.0638297872340425,0.127659574468085,0.127659574468085,0.170212765957447,0.0851063829787234,0.170212765957447,0.106382978723404,0
"136",1,0,0.0535714285714286,0.178571428571429,0.0892857142857143,0.178571428571429,0.0714285714285714,0.142857142857143,0.196428571428571,0.0892857142857143,0
"137",1,0,0,0.36734693877551,0.0204081632653061,0.122448979591837,0,0.428571428571429,0.0204081632653061,0.0408163265306122,0
"138",1,0,0.303030303030303,0.0303030303030303,0.0606060606060606,0.212121212121212,0.181818181818182,0.0606060606060606,0.0909090909090909,0.0606060606060606,0
"139",1,0,0,0.295081967213115,0.0655737704918033,0.19672131147541,0.0327868852459016,0.229508196721311,0.131147540983607,0.0491803278688525,0
"140",1,0,0.15,0.17,0.1,0.11,0.065,0.135,0.15,0.12,0
"141",1,0,0.0966183574879227,0.135265700483092,0.106280193236715,0.135265700483092,0.111111111111111,0.125603864734299,0.144927536231884,0.144927536231884,0
"142",1,0,0.0377358490566038,0.188679245283019,0.0943396226415094,0.207547169811321,0.0377358490566038,0.169811320754717,0.169811320754717,0.0943396226415094,0
"143",1,0,0.0408163265306122,0.142857142857143,0.122448979591837,0.102040816326531,0.102040816326531,0.183673469387755,0.122448979591837,0.183673469387755,0
"144",1,0,0,0.264150943396226,0.132075471698113,0.0943396226415094,0.0566037735849057,0.207547169811321,0.150943396226415,0.0943396226415094,0
"145",1,0,0.0545454545454545,0.2,0.109090909090909,0.181818181818182,0.0363636363636364,0.2,0.0909090909090909,0.127272727272727,0
"146",1,0,0.0549828178694158,0.168384879725086,0.106529209621993,0.116838487972509,0.0378006872852234,0.247422680412371,0.120274914089347,0.147766323024055,0
"147",1,0,0.147540983606557,0.0819672131147541,0.135245901639344,0.10655737704918,0.127049180327869,0.127049180327869,0.151639344262295,0.122950819672131,0
"148",1,0,0.0816326530612245,0.193877551020408,0.102040816326531,0.112244897959184,0.163265306122449,0.0714285714285714,0.193877551020408,0.0816326530612245,0
"149",1,0,0.0925266903914591,0.149466192170818,0.142348754448399,0.106761565836299,0.0925266903914591,0.163701067615658,0.135231316725979,0.117437722419929,0
"150",1,0,0.0740740740740741,0.135802469135802,0.135802469135802,0.148148148148148,0.0740740740740741,0.160493827160494,0.123456790123457,0.148148148148148,0
"151",1,0,0.127659574468085,0.0851063829787234,0.127659574468085,0.170212765957447,0.170212765957447,0.0851063829787234,0.127659574468085,0.106382978723404,0
"152",1,0,0.0714285714285714,0.190476190476191,0.142857142857143,0.142857142857143,0.0476190476190476,0.178571428571429,0.107142857142857,0.119047619047619,0
"153",1,0,0.13953488372093,0.0813953488372093,0.162790697674419,0.104651162790698,0.127906976744186,0.0930232558139535,0.13953488372093,0.151162790697674,0
"154",1,0,0.0476190476190476,0.119047619047619,0.119047619047619,0.261904761904762,0.119047619047619,0.119047619047619,0.119047619047619,0.0952380952380952,0
"155",1,0,0.195555555555556,0.0666666666666667,0.155555555555556,0.106666666666667,0.177777777777778,0.0222222222222222,0.151111111111111,0.124444444444444,0
"156",1,0,0.0736842105263158,0.105263157894737,0.147368421052632,0.163157894736842,0.0894736842105263,0.0842105263157895,0.189473684210526,0.147368421052632,0
"157",1,0,0,0.388888888888889,0.111111111111111,0.0277777777777778,0,0.416666666666667,0.0555555555555556,0,0
"158",1,0,0.06,0.18,0.18,0.14,0.04,0.2,0.08,0.12,0
"159",1,0,0.0784313725490196,0.117647058823529,0.117647058823529,0.196078431372549,0.0588235294117647,0.196078431372549,0.137254901960784,0.0980392156862745,0
"160",1,0,0,0.305555555555556,0.0833333333333333,0.166666666666667,0,0.361111111111111,0.0555555555555556,0.0277777777777778,0
"161",1,0,0.113207547169811,0.0754716981132075,0.188679245283019,0.150943396226415,0.207547169811321,0.0754716981132075,0.113207547169811,0.0754716981132075,0
"162",1,0,0.0588235294117647,0.0980392156862745,0.137254901960784,0.0980392156862745,0.0784313725490196,0.254901960784314,0.156862745098039,0.117647058823529,0
"163",1,0,0,0.333333333333333,0.138888888888889,0.0277777777777778,0,0.333333333333333,0.0277777777777778,0.138888888888889,0
"164",1,0,0.0357142857142857,0.178571428571429,0.160714285714286,0.160714285714286,0.0714285714285714,0.178571428571429,0.125,0.0892857142857143,0
"165",1,0,0.0454545454545455,0.181818181818182,0.227272727272727,0.0681818181818182,0.0227272727272727,0.25,0.0909090909090909,0.113636363636364,0
"166",1,0,0.0888888888888889,0.133333333333333,0.0444444444444444,0.244444444444444,0.133333333333333,0.0666666666666667,0.177777777777778,0.111111111111111,0
"167",1,0,0.0857142857142857,0.171428571428571,0.171428571428571,0.114285714285714,0.0285714285714286,0.2,0.0857142857142857,0.142857142857143,0
"168",1,0,0.0263157894736842,0.157894736842105,0.157894736842105,0.0526315789473684,0.0263157894736842,0.210526315789474,0.210526315789474,0.157894736842105,0
"169",1,0,0,0.222222222222222,0.111111111111111,0.111111111111111,0,0.407407407407407,0.037037037037037,0.111111111111111,0
"170",1,0,0.0285714285714286,0.357142857142857,0.0571428571428571,0.0571428571428571,0,0.257142857142857,0.142857142857143,0.1,0
"171",1,0,0.0727272727272727,0.2,0.145454545454545,0.109090909090909,0.0727272727272727,0.109090909090909,0.2,0.0909090909090909,0
"172",1,0,0.134615384615385,0.0961538461538462,0.0769230769230769,0.173076923076923,0.0384615384615385,0.153846153846154,0.153846153846154,0.173076923076923,0
"173",1,0,0.0161290322580645,0.193548387096774,0.032258064516129,0.0483870967741935,0.0483870967741935,0.32258064516129,0.161290322580645,0.17741935483871,0
"174",1,0,0.0634920634920635,0.137566137566138,0.132275132275132,0.137566137566138,0.132275132275132,0.19047619047619,0.0952380952380952,0.111111111111111,0
"175",1,0,0.0153846153846154,0.284615384615384,0.107692307692308,0.138461538461538,0.0461538461538462,0.2,0.1,0.107692307692308,0
"176",1,0,0,0.166666666666667,0.0833333333333333,0.333333333333333,0.25,0,0.0833333333333333,0.0833333333333333,0
"177",1,0,0.142857142857143,0.142857142857143,0.142857142857143,0,0.142857142857143,0.0952380952380952,0.285714285714286,0.0476190476190476,0
"178",1,0,0.0377358490566038,0.150943396226415,0.0943396226415094,0.226415094339623,0.0566037735849057,0.150943396226415,0.113207547169811,0.169811320754717,0
"179",1,0,0,0.275862068965517,0.206896551724138,0.103448275862069,0.0344827586206897,0.206896551724138,0.0344827586206897,0.137931034482759,0
"180",1,0,0.0754716981132075,0.169811320754717,0.188679245283019,0.0943396226415094,0.0943396226415094,0.132075471698113,0.0754716981132075,0.169811320754717,0
"181",1,0,0.027027027027027,0.324324324324324,0.0810810810810811,0.0810810810810811,0,0.324324324324324,0.108108108108108,0.0540540540540541,0
"182",1,0,0.121951219512195,0.121951219512195,0.121951219512195,0.170731707317073,0.024390243902439,0.121951219512195,0.170731707317073,0.146341463414634,0
"183",1,0,0.0833333333333333,0.0833333333333333,0.125,0.125,0.208333333333333,0.166666666666667,0.0833333333333333,0.125,0
"184",1,0,0,0.333333333333333,0.151515151515152,0.0909090909090909,0.0303030303030303,0.272727272727273,0.0606060606060606,0.0606060606060606,0
"185",1,0,0,0.2,0.24,0.04,0.08,0.2,0.08,0.16,0
"186",1,0,0.0625,0.125,0.0625,0.1875,0.15625,0.125,0.09375,0.1875,0
"187",1,0,0.0909090909090909,0.227272727272727,0.0909090909090909,0.136363636363636,0.0909090909090909,0.136363636363636,0.0909090909090909,0.136363636363636,0
"188",1,0,0.0555555555555556,0.0555555555555556,0.166666666666667,0.166666666666667,0.111111111111111,0.0555555555555556,0.0555555555555556,0.333333333333333,0
"189",1,0,0.0537634408602151,0.204301075268817,0.0752688172043011,0.0860215053763441,0.0752688172043011,0.118279569892473,0.129032258064516,0.258064516129032,0
"190",1,0,0.147619047619048,0.157142857142857,0.147619047619048,0.109523809523809,0.123809523809524,0.0666666666666667,0.138095238095238,0.109523809523809,0
"191",1,0,0.03125,0.3125,0.125,0.125,0,0.21875,0.125,0.0625,0
"192",1,0,0.0833333333333333,0,0.0416666666666667,0.375,0.125,0,0.166666666666667,0.208333333333333,0
"193",1,0,0.0967741935483871,0.129032258064516,0.161290322580645,0.0967741935483871,0.161290322580645,0.0645161290322581,0.0645161290322581,0.225806451612903,0
"194",1,0,0.114285714285714,0.0857142857142857,0.114285714285714,0.114285714285714,0.171428571428571,0.0857142857142857,0.142857142857143,0.171428571428571,0
"195",1,0,0,0.125,0,0.09375,0.125,0.28125,0.21875,0.15625,0
"196",1,0,0.0638297872340425,0.25531914893617,0.148936170212766,0.0851063829787234,0.0212765957446809,0.276595744680851,0.0638297872340425,0.0851063829787234,0
"197",1,0,0.0285714285714286,0.2,0.0857142857142857,0.142857142857143,0.0571428571428571,0.285714285714286,0.114285714285714,0.0857142857142857,0
"198",1,0,0.0117647058823529,0.21764705882353,0.129411764705882,0.123529411764706,0.0294117647058824,0.247058823529412,0.111764705882353,0.129411764705882,0
"199",1,0,0.160493827160494,0.123456790123457,0.111111111111111,0.141975308641975,0.111111111111111,0.0987654320987654,0.12962962962963,0.123456790123457,0
"200",1,0,0,0.277777777777778,0.0555555555555556,0.111111111111111,0.0833333333333333,0.138888888888889,0.222222222222222,0.111111111111111,0
"201",1,0,0.027027027027027,0.405405405405405,0.0810810810810811,0.135135135135135,0,0.216216216216216,0.108108108108108,0.027027027027027,0
"202",1,0,0.06,0.2,0.14,0.06,0.04,0.16,0.16,0.18,0
"203",1,0,0.2,0.171428571428571,0.0857142857142857,0.2,0.0285714285714286,0.0857142857142857,0.171428571428571,0.0571428571428571,0
"204",1,0,0.0444444444444444,0.222222222222222,0.133333333333333,0.111111111111111,0.133333333333333,0.0888888888888889,0.155555555555556,0.111111111111111,0
"205",1,0,0,0.369565217391304,0.173913043478261,0.0652173913043478,0.0217391304347826,0.173913043478261,0.0434782608695652,0.152173913043478,0
"206",1,0,0,0.272727272727273,0.0909090909090909,0.0606060606060606,0,0.454545454545454,0.0909090909090909,0.0303030303030303,0
"207",1,0,0,0.13953488372093,0.0697674418604651,0.162790697674419,0.0930232558139535,0.27906976744186,0.186046511627907,0.0697674418604651,0
"208",1,0,0,0.2,0.1,0.12,0.04,0.36,0.1,0.08,0
"209",1,0,0.0606060606060606,0.121212121212121,0.151515151515152,0.181818181818182,0.0606060606060606,0.151515151515152,0.121212121212121,0.151515151515152,0
"210",1,0,0.0689655172413793,0.0344827586206897,0.137931034482759,0.206896551724138,0.172413793103448,0.137931034482759,0.103448275862069,0.137931034482759,0
"211",1,0,0.211111111111111,0,0.0777777777777778,0.116666666666667,0.316666666666667,0,0.155555555555556,0.122222222222222,0
"212",1,0,0.252336448598131,0.0514018691588785,0.121495327102804,0.130841121495327,0.182242990654206,0.0467289719626168,0.0934579439252336,0.121495327102804,0
"213",1,0,0.25,0.05,0.1,0.225,0.225,0.025,0.05,0.075,0
"214",1,0,0.0689655172413793,0.137931034482759,0.155172413793103,0.155172413793103,0.0862068965517241,0.206896551724138,0.0517241379310345,0.137931034482759,0
"215",1,0,0.0588235294117647,0.137254901960784,0.0980392156862745,0.215686274509804,0.0588235294117647,0.235294117647059,0.117647058823529,0.0784313725490196,0
"216",1,0,0.0731707317073171,0.121951219512195,0.170731707317073,0.146341463414634,0.0975609756097561,0.170731707317073,0.0975609756097561,0.121951219512195,0
"217",1,0,0.0487804878048781,0.121951219512195,0.195121951219512,0.0731707317073171,0,0.341463414634146,0.0487804878048781,0.170731707317073,0
"218",1,0,0.0606060606060606,0.196969696969697,0.111111111111111,0.116161616161616,0.0505050505050505,0.247474747474748,0.0909090909090909,0.126262626262626,0
"219",1,0,0.246478873239436,0.0492957746478873,0.0915492957746479,0.140845070422535,0.225352112676056,0.0352112676056338,0.0915492957746479,0.119718309859155,0
"220",1,0,0.118721461187215,0.123287671232877,0.164383561643836,0.118721461187215,0.150684931506849,0.100456621004566,0.10958904109589,0.114155251141553,0
"221",1,0,0.0769230769230769,0.153846153846154,0.115384615384615,0.230769230769231,0.115384615384615,0.0769230769230769,0.115384615384615,0.115384615384615,0
"222",1,0,0.131578947368421,0.157894736842105,0.0789473684210526,0.157894736842105,0.105263157894737,0.0789473684210526,0.0526315789473684,0.236842105263158,0
"223",1,0,0.105263157894737,0.105263157894737,0.0526315789473684,0.0526315789473684,0.157894736842105,0.105263157894737,0,0.421052631578947,0
"224",1,0,0.151515151515151,0.151515151515151,0.136363636363636,0.212121212121212,0.0151515151515152,0.0757575757575758,0.121212121212121,0.136363636363636,0
"225",1,0,0.0769230769230769,0.25,0.0769230769230769,0.211538461538462,0,0.173076923076923,0.0961538461538462,0.115384615384615,0
"226",1,0,0.0754716981132075,0.132075471698113,0.132075471698113,0.132075471698113,0.0943396226415094,0.132075471698113,0.132075471698113,0.169811320754717,0
"227",1,0,0.0638297872340425,0.234042553191489,0.0851063829787234,0.148936170212766,0,0.212765957446809,0.127659574468085,0.127659574468085,0
"228",1,0,0.0335195530726257,0.23463687150838,0.128491620111732,0.11731843575419,0.0335195530726257,0.245810055865922,0.111731843575419,0.0949720670391061,0
"229",1,0,0.0232558139534884,0.244186046511628,0.0697674418604651,0.0813953488372093,0.0232558139534884,0.290697674418605,0.13953488372093,0.127906976744186,0
"230",1,0,0.0533333333333333,0.16,0.173333333333333,0.0933333333333333,0.0666666666666667,0.146666666666667,0.173333333333333,0.133333333333333,0
"231",1,0,0.115384615384615,0.0576923076923077,0.0576923076923077,0.173076923076923,0.173076923076923,0.0576923076923077,0.153846153846154,0.211538461538462,0
"232",1,0,0.111111111111111,0.111111111111111,0.0888888888888889,0.155555555555556,0.0666666666666667,0.155555555555556,0.2,0.111111111111111,0
"233",1,0,0.0476190476190476,0.142857142857143,0.119047619047619,0.166666666666667,0.0952380952380952,0.166666666666667,0.119047619047619,0.142857142857143,0
"234",1,0,0.0974025974025974,0.146103896103896,0.103896103896104,0.136363636363636,0.113636363636364,0.107142857142857,0.152597402597403,0.142857142857143,0
"235",1,0,0.117460317460318,0.168253968253968,0.123809523809524,0.133333333333333,0.0793650793650794,0.13968253968254,0.0952380952380953,0.142857142857143,0
"236",1,0,0.0783410138248848,0.221198156682028,0.110599078341014,0.129032258064516,0.0552995391705069,0.179723502304147,0.110599078341014,0.115207373271889,0
"237",1,0,0.142857142857143,0.125,0.133928571428571,0.133928571428571,0.0758928571428571,0.102678571428571,0.1875,0.0982142857142857,0
"238",1,0,0.0535714285714286,0.267857142857143,0.142857142857143,0.0892857142857143,0.0535714285714286,0.107142857142857,0.107142857142857,0.178571428571429,0
"239",1,0,0.12962962962963,0.203703703703704,0.185185185185185,0.0740740740740741,0.0740740740740741,0.0555555555555556,0.0555555555555556,0.222222222222222,0
"240",1,0,0.225352112676056,0.0985915492957746,0.0985915492957746,0.112676056338028,0.0845070422535211,0.0704225352112676,0.169014084507042,0.140845070422535,0
"241",1,0,0.0597014925373134,0.283582089552239,0.17910447761194,0.0447761194029851,0.0746268656716418,0.0746268656716418,0.104477611940299,0.17910447761194,0
"242",1,0,0.0480769230769231,0.293269230769231,0.0865384615384615,0.125,0.0384615384615385,0.177884615384615,0.120192307692308,0.110576923076923,0
"243",1,0,0.105769230769231,0.158653846153846,0.144230769230769,0.0817307692307692,0.0961538461538461,0.0961538461538461,0.177884615384615,0.139423076923077,0
"244",1,0,0.108695652173913,0.152173913043478,0.173913043478261,0.0652173913043478,0.108695652173913,0.0652173913043478,0.173913043478261,0.152173913043478,0
"245",1,0,0.02,0.24,0.1,0.1,0.1,0.16,0.12,0.16,0
"246",1,0,0.2,0,0.0444444444444444,0.155555555555556,0.111111111111111,0.155555555555556,0.2,0.133333333333333,0
"247",1,0,0.214285714285714,0,0.0714285714285714,0.214285714285714,0.178571428571429,0.0714285714285714,0.142857142857143,0.107142857142857,0
"248",1,0,0.19047619047619,0.0714285714285714,0.142857142857143,0.119047619047619,0.0476190476190476,0.142857142857143,0.119047619047619,0.166666666666667,0
"249",1,0,0.04,0.2,0.08,0.08,0,0.24,0.2,0.16,0
"250",1,0,0.0516717325227964,0.224924012158055,0.161094224924012,0.121580547112462,0.0425531914893617,0.197568389057751,0.121580547112462,0.0790273556231003,0
"251",1,0,0.119047619047619,0.166666666666667,0.0476190476190476,0.166666666666667,0.0952380952380952,0.119047619047619,0.142857142857143,0.142857142857143,0
"252",1,0,0.0689655172413793,0.206896551724138,0.137931034482759,0.206896551724138,0.103448275862069,0.0344827586206897,0.137931034482759,0.103448275862069,0
"253",1,0,0.209302325581395,0.0697674418604651,0.0697674418604651,0.13953488372093,0.162790697674419,0.0465116279069767,0.13953488372093,0.162790697674419,0
"254",1,0,0.0921052631578947,0.144736842105263,0.144736842105263,0.0657894736842105,0.0789473684210526,0.131578947368421,0.171052631578947,0.171052631578947,0
"255",1,0,0.0186335403726708,0.304347826086957,0.0683229813664596,0.0869565217391304,0.0248447204968944,0.335403726708075,0.093167701863354,0.0683229813664596,0
"256",1,0,0.133047210300429,0.163090128755365,0.158798283261803,0.124463519313305,0.0772532188841202,0.133047210300429,0.120171673819743,0.0901287553648069,0
"257",1,0,0.116666666666667,0.1,0.116666666666667,0.15,0.133333333333333,0.116666666666667,0.15,0.116666666666667,0
"258",1,0,0.0192307692307692,0.153846153846154,0.115384615384615,0.134615384615385,0.0769230769230769,0.230769230769231,0.192307692307692,0.0769230769230769,0
"259",1,0,0.0517241379310345,0.172413793103448,0.155172413793103,0.155172413793103,0.0517241379310345,0.155172413793103,0.189655172413793,0.0689655172413793,0
"260",1,0,0,0.222222222222222,0.111111111111111,0.0740740740740741,0.037037037037037,0.259259259259259,0.185185185185185,0.111111111111111,0
"261",1,0,0,0.0645161290322581,0.0645161290322581,0.0967741935483871,0.0645161290322581,0.354838709677419,0.193548387096774,0.161290322580645,0
"262",1,0,0.077319587628866,0.190721649484536,0.128865979381443,0.134020618556701,0.0463917525773196,0.201030927835051,0.100515463917526,0.121134020618557,0
"263",1,0,0.106280193236715,0.135265700483092,0.115942028985507,0.135265700483092,0.111111111111111,0.144927536231884,0.115942028985507,0.135265700483092,0
"264",1,0,0.194444444444445,0.0694444444444445,0.0694444444444445,0.173611111111111,0.201388888888889,0.0416666666666667,0.118055555555556,0.131944444444444,0
"265",1,0,0.0208333333333333,0.3125,0.0833333333333333,0.166666666666667,0,0.270833333333333,0.0625,0.0833333333333333,0
"266",1,0,0.0408163265306122,0.26530612244898,0.102040816326531,0.163265306122449,0.0204081632653061,0.163265306122449,0.122448979591837,0.122448979591837,0
"267",1,0,0.0204081632653061,0.142857142857143,0.102040816326531,0.0816326530612245,0.102040816326531,0.224489795918367,0.183673469387755,0.142857142857143,0
"268",1,0,0.0952380952380952,0.119047619047619,0.0952380952380952,0.190476190476191,0.119047619047619,0.119047619047619,0.119047619047619,0.142857142857143,0
"269",1,0,0.0857142857142857,0.171428571428571,0.1,0.128571428571429,0.0428571428571429,0.214285714285714,0.114285714285714,0.142857142857143,0
"270",1,0,0.166666666666667,0.0208333333333333,0.125,0.104166666666667,0.208333333333333,0.0833333333333333,0.0625,0.229166666666667,0
"271",1,0,0.0759493670886076,0.189873417721519,0.113924050632911,0.177215189873418,0.0253164556962025,0.164556962025316,0.126582278481013,0.126582278481013,0
"272",1,0,0.119047619047619,0.0714285714285714,0.19047619047619,0.142857142857143,0.142857142857143,0.0714285714285714,0.0952380952380952,0.166666666666667,0
"273",1,0,0.0486111111111111,0.298611111111111,0.0902777777777778,0.111111111111111,0.00694444444444444,0.243055555555556,0.0902777777777778,0.111111111111111,0
"274",1,0,0.225806451612903,0.032258064516129,0.032258064516129,0.0967741935483871,0.129032258064516,0.032258064516129,0.129032258064516,0.32258064516129,0
"275",1,0,0.0202702702702703,0.256756756756757,0.0472972972972973,0.108108108108108,0.0337837837837838,0.222972972972973,0.141891891891892,0.168918918918919,0
"276",1,0,0.174418604651163,0.0930232558139535,0.0813953488372093,0.116279069767442,0.170542635658915,0.0775193798449613,0.112403100775194,0.174418604651163,0
"277",1,0,0.102473498233215,0.134275618374558,0.127208480565371,0.0812720848056537,0.102473498233215,0.15547703180212,0.141342756183746,0.15547703180212,0
"278",1,0,0.12,0.2,0.16,0.12,0.04,0.106666666666667,0.133333333333333,0.12,0
