"","FFL","No_FFL","PP","PM","PN","NP","NM","NN","MP","MM2","MM1","MN","NonPl_X"
"1",1,0,0.0705394190871369,0.112033195020747,0.012448132780083,0.0746887966804979,0.16597510373444,0.033195020746888,0.182572614107884,0.170124481327801,0.0995850622406639,0.0788381742738589,0
"2",1,0,0.103448275862069,0.206896551724138,0.0862068965517241,0,0.0862068965517241,0.0344827586206897,0.103448275862069,0.172413793103448,0.103448275862069,0.103448275862069,0
"3",1,0,0.104166666666667,0.0625,0,0.125,0.15625,0.0104166666666667,0.322916666666667,0.15625,0.0520833333333333,0.0104166666666667,0
"4",1,0,0.0880503144654088,0.106918238993711,0,0.232704402515723,0.119496855345912,0.0125786163522013,0.226415094339623,0.10062893081761,0.0943396226415094,0.0188679245283019,0
"5",1,0,0.0398009950248756,0.097844112769486,0.0746268656716418,0.0431177446102819,0.147595356550581,0.0796019900497513,0.0961857379767829,0.12106135986733,0.134328358208955,0.165837479270315,0
"6",1,0,0.0540540540540541,0.126126126126126,0.027027027027027,0.0540540540540541,0.162162162162162,0.027027027027027,0.171171171171171,0.153153153153153,0.153153153153153,0.0720720720720721,0
"7",1,0,0.024390243902439,0.113821138211382,0.0609756097560976,0.040650406504065,0.16260162601626,0.0813008130081301,0.0447154471544716,0.121951219512195,0.142276422764228,0.207317073170732,0
"8",1,0,0.155660377358491,0.259433962264151,0.0707547169811321,0.0424528301886792,0.0424528301886792,0.0141509433962264,0.174528301886792,0.0660377358490566,0.127358490566038,0.0471698113207547,0
"9",1,0,0,0.152173913043478,0.173913043478261,0,0.0652173913043478,0.0652173913043478,0,0.152173913043478,0.217391304347826,0.173913043478261,0
"10",1,0,0.25,0,0,0.125,0.0833333333333333,0,0.541666666666667,0,0,0,0
"11",1,0,0.0625,0.208333333333333,0.0208333333333333,0.0625,0.1875,0.0208333333333333,0.104166666666667,0.1875,0.125,0.0208333333333333,0
"12",1,0,0,0.142857142857143,0.285714285714286,0,0.142857142857143,0.0714285714285714,0,0.0714285714285714,0.142857142857143,0.142857142857143,0
"13",1,0,0.114285714285714,0.15,0.0357142857142857,0.0285714285714286,0.157142857142857,0.05,0.114285714285714,0.185714285714286,0.0928571428571429,0.0714285714285714,0
"14",1,0,0.0375,0.1875,0.075,0.075,0.0875,0.0125,0.125,0.1125,0.225,0.0625,0
"15",1,0,0.089171974522293,0.146496815286624,0.0127388535031847,0.101910828025478,0.101910828025478,0.0318471337579618,0.178343949044586,0.165605095541401,0.114649681528662,0.0573248407643312,0
"16",1,0,0.0875,0.125,0.0125,0.06875,0.1625,0.01875,0.1625,0.18125,0.1125,0.06875,0
"17",1,0,0.124031007751938,0.200000000000001,0.0511627906976744,0.0589147286821705,0.0558139534883721,0.0170542635658915,0.212403100775195,0.0868217054263566,0.136434108527132,0.0573643410852713,0
"18",1,0,0.13003663003663,0.173076923076923,0.0723443223443222,0.0357142857142857,0.0714285714285713,0.032967032967033,0.159340659340659,0.117216117216117,0.110805860805861,0.0970695970695968,0
"19",1,0,0.0352941176470588,0.176470588235294,0.129411764705882,0.0176470588235294,0.0764705882352941,0.0705882352941176,0.0411764705882353,0.141176470588235,0.117647058823529,0.194117647058824,0
"20",1,0,0.0540540540540541,0.220720720720721,0.144144144144144,0.0405405405405405,0.0765765765765766,0.0135135135135135,0.0900900900900901,0.0945945945945946,0.175675675675676,0.0900900900900901,0
"21",1,0,0.127760252365931,0.173501577287066,0.0378548895899054,0.0441640378548896,0.0962145110410095,0.028391167192429,0.145110410094637,0.17192429022082,0.100946372239748,0.0741324921135647,0
"22",1,0,0.0895953757225433,0.176300578034682,0.0924855491329479,0.0317919075144509,0.0780346820809248,0.0260115606936416,0.121387283236994,0.164739884393064,0.147398843930636,0.0722543352601156,0
"23",1,0,0.0657894736842105,0.171052631578947,0.0263157894736842,0.0789473684210526,0.0394736842105263,0.0394736842105263,0.25,0.0921052631578947,0.223684210526316,0.0131578947368421,0
"24",1,0,0.0581717451523546,0.141274238227147,0.0581717451523546,0.0498614958448754,0.113573407202216,0.0692520775623269,0.0969529085872576,0.152354570637119,0.157894736842105,0.102493074792244,0
"25",1,0,0.0666666666666667,0.166666666666667,0.0333333333333333,0.0833333333333333,0.0666666666666667,0.0166666666666667,0.1,0.183333333333333,0.183333333333333,0.1,0
"26",1,0,0.0818181818181818,0.227272727272727,0.0636363636363636,0.0363636363636364,0.136363636363636,0.0363636363636364,0.0545454545454545,0.127272727272727,0.118181818181818,0.118181818181818,0
"27",1,0,0.0555555555555556,0.25,0.0277777777777778,0,0.0277777777777778,0.0833333333333333,0.0277777777777778,0.222222222222222,0.0555555555555556,0.25,0
"28",1,0,0.170212765957447,0.191489361702128,0,0.106382978723404,0.106382978723404,0,0.170212765957447,0.106382978723404,0.148936170212766,0,0
"29",1,0,0.0862068965517241,0.120689655172414,0.0172413793103448,0.0344827586206897,0.137931034482759,0.0689655172413793,0.172413793103448,0.224137931034483,0.0862068965517241,0.0517241379310345,0
"30",1,0,0.0574712643678161,0.160919540229885,0.0344827586206897,0.0574712643678161,0.126436781609195,0.0574712643678161,0.0919540229885057,0.172413793103448,0.160919540229885,0.0804597701149425,0
"31",1,0,0.111111111111111,0.206349206349206,0.0317460317460317,0.0158730158730159,0.142857142857143,0.0317460317460317,0.111111111111111,0.174603174603175,0.126984126984127,0.0476190476190476,0
"32",1,0,0.0455373406193078,0.143897996357013,0.0619307832422586,0.0728597449908925,0.131147540983606,0.0510018214936248,0.0856102003642987,0.129326047358834,0.140255009107468,0.138433515482696,0
"33",1,0,0.0416666666666667,0.166666666666667,0.0416666666666667,0,0.125,0.0416666666666667,0.125,0.145833333333333,0.229166666666667,0.0833333333333333,0
"34",1,0,0.176470588235294,0.132352941176471,0,0.117647058823529,0.0588235294117647,0,0.279411764705882,0.117647058823529,0.117647058823529,0,0
"35",1,0,0.1,0.114285714285714,0.0285714285714286,0.0857142857142857,0.1,0.0142857142857143,0.214285714285714,0.128571428571429,0.214285714285714,0,0
"36",1,0,0.153846153846154,0.102564102564103,0,0.128205128205128,0.0256410256410256,0,0.307692307692308,0.153846153846154,0.128205128205128,0,0
"37",1,0,0.0681818181818182,0,0,0.295454545454545,0.272727272727273,0.0454545454545455,0.227272727272727,0.0227272727272727,0.0681818181818182,0,0
"38",1,0,0,0,0.25,0,0,0,0,0.25,0,0.5,0
"39",1,0,0.045045045045045,0.175675675675676,0.0495495495495496,0.0495495495495496,0.112612612612613,0.0225225225225225,0.135135135135135,0.130630630630631,0.171171171171171,0.108108108108108,0
"40",1,0,0.0564102564102564,0.148717948717949,0.0564102564102564,0.0256410256410256,0.153846153846154,0.102564102564103,0.0923076923076923,0.143589743589744,0.0769230769230769,0.143589743589744,0
"41",1,0,0,0.181818181818182,0.151515151515152,0.0606060606060606,0.0909090909090909,0,0.0303030303030303,0.0909090909090909,0.242424242424242,0.151515151515152,0
"42",1,0,0.015625,0.15625,0.0625,0.0625,0.140625,0.078125,0.09375,0.09375,0.203125,0.09375,0
"43",1,0,0.0826086956521738,0.167826086956522,0.0634782608695652,0.0321739130434783,0.102608695652174,0.0539130434782608,0.106086956521739,0.152173913043478,0.105217391304348,0.133913043478261,0
"44",1,0,0.0626086956521738,0.143478260869565,0.0469565217391304,0.0608695652173912,0.129565217391304,0.0478260869565217,0.133913043478261,0.129565217391304,0.133043478260869,0.112173913043478,0
"45",1,0,0.0652173913043478,0.202898550724638,0.0942028985507247,0.0144927536231884,0.0942028985507247,0.0579710144927536,0.0579710144927536,0.173913043478261,0.144927536231884,0.0942028985507247,0
"46",1,0,0.0673316708229426,0.194513715710723,0.0598503740648379,0.0324189526184539,0.117206982543641,0.0598503740648379,0.0748129675810473,0.15211970074813,0.109725685785536,0.13216957605985,0
"47",1,0,0.159159159159159,0.159159159159159,0.027027027027027,0.0450450450450451,0.0720720720720721,0.012012012012012,0.249249249249249,0.129129129129129,0.102102102102102,0.0450450450450451,0
"48",1,0,0.103896103896104,0.181818181818182,0.0194805194805195,0.038961038961039,0.0974025974025974,0.012987012987013,0.246753246753247,0.116883116883117,0.136363636363636,0.0454545454545455,0
"49",1,0,0.0857142857142857,0.257142857142857,0.0285714285714286,0.0285714285714286,0.0857142857142857,0.0285714285714286,0.0285714285714286,0.114285714285714,0.171428571428571,0.171428571428571,0
"50",1,0,0.214285714285714,0.0634920634920635,0,0.126984126984127,0.126984126984127,0.0158730158730159,0.277777777777778,0.126984126984127,0.0238095238095238,0.0238095238095238,0
"51",1,0,0.0697674418604652,0.139534883720931,0.0565891472868217,0.115503875968993,0.0930232558139538,0.0248062015503876,0.174418604651164,0.0860465116279072,0.185271317829458,0.0550387596899225,0
"52",1,0,0.0533333333333333,0.2,0.0533333333333333,0.0133333333333333,0.0533333333333333,0.08,0.08,0.186666666666667,0.106666666666667,0.173333333333333,0
"53",1,0,0.130434782608696,0.101449275362319,0,0.0579710144927536,0.0869565217391304,0.0289855072463768,0.347826086956522,0.130434782608696,0.072463768115942,0.0434782608695652,0
"54",1,0,0.0353535353535353,0.126262626262626,0.0572390572390572,0.031986531986532,0.146464646464647,0.102693602693603,0.0858585858585859,0.156565656565657,0.117845117845118,0.13973063973064,0
"55",1,0,0,0.08,0.213333333333333,0,0.08,0.146666666666667,0,0.0666666666666667,0.12,0.293333333333333,0
"56",1,0,0.0917874396135265,0.169082125603865,0.0386473429951691,0.0531400966183575,0.111111111111111,0.0289855072463768,0.140096618357488,0.159420289855072,0.125603864734299,0.0821256038647343,0
"57",1,0,0.0842105263157894,0.221052631578947,0.11578947368421,0.0304093567251462,0.0690058479532164,0.0280701754385965,0.0923976608187134,0.11578947368421,0.123976608187134,0.119298245614035,0
"58",1,0,0.0749542961608775,0.16636197440585,0.0658135283363802,0.0758683729433272,0.111517367458867,0.0255941499085923,0.138025594149909,0.0996343692870202,0.151736745886655,0.0904936014625229,0
"59",1,0,0.111111111111111,0.162698412698413,0.0198412698412698,0.0873015873015873,0.123015873015873,0.00396825396825397,0.214285714285714,0.0952380952380952,0.142857142857143,0.0396825396825397,0
"60",1,0,0.0495495495495496,0.153153153153153,0.0720720720720721,0.0540540540540541,0.0900900900900901,0.027027027027027,0.0990990990990991,0.130630630630631,0.202702702702703,0.121621621621622,0
"61",1,0,0.0843060959792477,0.143968871595331,0.0428015564202335,0.0830090791180285,0.102464332036316,0.0363164721141375,0.137483787289235,0.140077821011673,0.142671854734111,0.0869001297016861,0
"62",1,0,0.0678733031674208,0.176470588235294,0.0769230769230769,0.0407239819004525,0.0904977375565611,0.0316742081447964,0.0995475113122172,0.131221719457014,0.190045248868778,0.0950226244343891,0
"63",1,0,0.177858439201452,0.112522686025408,0.00725952813067151,0.123411978221415,0.0471869328493648,0.00362976406533575,0.312159709618876,0.0943738656987295,0.108892921960073,0.0127041742286751,0
"64",1,0,0.0778688524590164,0.204918032786885,0.0737704918032787,0.0286885245901639,0.0819672131147541,0.0327868852459016,0.118852459016393,0.147540983606557,0.147540983606557,0.0860655737704918,0
"65",1,0,0.263157894736842,0,0,0.0526315789473684,0,0,0.684210526315789,0,0,0,0
"66",1,0,0,0.241379310344828,0.275862068965517,0,0.0344827586206897,0.0344827586206897,0.0344827586206897,0.0689655172413793,0.172413793103448,0.137931034482759,0
"67",1,0,0,0,0.294117647058824,0,0,0.0588235294117647,0,0.117647058823529,0.117647058823529,0.411764705882353,0
"68",1,0,0.166666666666667,0.166666666666667,0,0.0833333333333333,0.0277777777777778,0,0.277777777777778,0.0833333333333333,0.194444444444444,0,0
"69",1,0,0.10958904109589,0.26027397260274,0.0684931506849315,0.0136986301369863,0.0616438356164384,0.0342465753424658,0.0479452054794521,0.184931506849315,0.102739726027397,0.116438356164384,0
"70",1,0,0,0.05,0.3,0,0.15,0.05,0,0.15,0.25,0.05,0
"71",1,0,0,0.208333333333333,0.0833333333333333,0,0.0833333333333333,0.0416666666666667,0.0833333333333333,0.0833333333333333,0.25,0.166666666666667,0
"72",1,0,0.114285714285714,0.0857142857142857,0.00714285714285714,0.1,0.114285714285714,0.0142857142857143,0.292857142857143,0.114285714285714,0.107142857142857,0.05,0
"73",1,0,0,0,0,0.1,0.2,0.1,0.2,0.3,0.1,0,0
"74",1,0,0.0746268656716418,0.134328358208955,0.0149253731343284,0.0597014925373134,0.134328358208955,0.0447761194029851,0.238805970149254,0.149253731343284,0.119402985074627,0.0298507462686567,0
"75",1,0,0.166666666666667,0,0,0.333333333333333,0,0,0.333333333333333,0,0.166666666666667,0,0
"76",1,0,0.0821917808219178,0.0821917808219178,0,0.150684931506849,0.164383561643836,0.0136986301369863,0.26027397260274,0.123287671232877,0.10958904109589,0.0136986301369863,0
"77",1,0,0.0909090909090909,0.136363636363636,0,0.318181818181818,0.227272727272727,0,0.136363636363636,0,0.0909090909090909,0,0
"78",1,0,0.154929577464789,0,0,0.211267605633803,0.0985915492957746,0.0140845070422535,0.394366197183098,0.0845070422535211,0.028169014084507,0.0140845070422535,0
"79",1,0,0.0687830687830688,0.158730158730159,0.0423280423280423,0.037037037037037,0.126984126984127,0.037037037037037,0.132275132275132,0.174603174603175,0.137566137566138,0.0846560846560847,0
"80",1,0,0.1875,0.0625,0,0.1875,0.125,0,0.15625,0.15625,0.125,0,0
"81",1,0,0,0.0714285714285714,0.0714285714285714,0,0.214285714285714,0.0714285714285714,0,0.357142857142857,0.0714285714285714,0.142857142857143,0
"82",1,0,0,0.15,0,0.1,0.15,0,0.2,0.15,0.15,0.1,0
"83",1,0,0,0.0952380952380952,0,0.0714285714285714,0.214285714285714,0.0238095238095238,0.142857142857143,0.119047619047619,0.166666666666667,0.166666666666667,0
"84",1,0,0,0.166666666666667,0,0.0833333333333333,0.0833333333333333,0,0.0833333333333333,0.166666666666667,0.25,0.166666666666667,0
"85",1,0,0.0561797752808989,0.101123595505618,0.0112359550561798,0.0674157303370786,0.191011235955056,0.0898876404494382,0.0898876404494382,0.157303370786517,0.146067415730337,0.0898876404494382,0
"86",1,0,0.0471204188481675,0.115183246073298,0.0261780104712042,0.06282722513089,0.167539267015707,0.0575916230366492,0.172774869109948,0.120418848167539,0.162303664921466,0.0680628272251309,0
"87",1,0,0.185185185185185,0.0740740740740741,0,0.111111111111111,0.037037037037037,0,0.37037037037037,0.185185185185185,0.037037037037037,0,0
"88",1,0,0.0294117647058824,0.0588235294117647,0,0.0882352941176471,0.176470588235294,0.0294117647058824,0.176470588235294,0.264705882352941,0.117647058823529,0.0588235294117647,0
"89",1,0,0.140495867768595,0.154269972451791,0.0220385674931129,0.126721763085399,0.0826446280991736,0.00275482093663912,0.253443526170799,0.0853994490358127,0.0991735537190083,0.0330578512396694,0
"90",1,0,0.107648725212465,0.147308781869688,0.0339943342776204,0.0679886685552408,0.110481586402266,0.0481586402266289,0.141643059490085,0.169971671388102,0.084985835694051,0.0878186968838527,0
"91",1,0,0.222222222222222,0.0222222222222222,0,0.155555555555556,0.0666666666666667,0,0.4,0.0888888888888889,0.0444444444444444,0,0
"92",1,0,0.428571428571428,0,0,0.142857142857143,0,0,0.357142857142857,0.0714285714285714,0,0,0
"93",1,0,0.155555555555556,0.0888888888888889,0.0111111111111111,0.1,0.111111111111111,0.0333333333333333,0.2,0.2,0.0888888888888889,0.0111111111111111,0
"94",1,0,0,0.157894736842105,0,0,0.157894736842105,0.210526315789474,0,0.263157894736842,0,0.210526315789474,0
"95",1,0,0,0.183333333333333,0.15,0,0,0.166666666666667,0,0.166666666666667,0.0166666666666667,0.316666666666667,0
"96",1,0,0.0782918149466192,0.202846975088968,0.101423487544484,0.0249110320284698,0.0765124555160142,0.0320284697508897,0.0871886120996441,0.142348754448398,0.120996441281139,0.133451957295373,0
"97",1,0,0.0793650793650794,0.19047619047619,0.0396825396825397,0.0555555555555556,0.111111111111111,0.0238095238095238,0.158730158730159,0.111111111111111,0.166666666666667,0.0634920634920635,0
"98",1,0,0.028,0.164,0.0960000000000001,0.016,0.136,0.0920000000000001,0.036,0.128,0.116,0.188,0
"99",1,0,0.04,0.184,0.152,0,0.04,0.064,0.008,0.152,0.056,0.304,0
"100",1,0,0.164444444444444,0.0444444444444444,0,0.253333333333333,0.0711111111111111,0,0.342222222222222,0.0533333333333333,0.0622222222222222,0.00888888888888889,0
"101",1,0,0.164420485175202,0.0727762803234501,0.00269541778975741,0.159029649595687,0.0943396226415095,0.0107816711590297,0.299191374663072,0.0889487870619946,0.0889487870619946,0.0188679245283019,0
"102",1,0,0.25531914893617,0.127659574468085,0,0.148936170212766,0.127659574468085,0,0.234042553191489,0.0851063829787234,0.0212765957446809,0,0
"103",1,0,0.0666666666666667,0.2,0.2,0,0.0666666666666667,0,0.133333333333333,0.133333333333333,0.2,0,0
"104",1,0,0.273972602739726,0.0410958904109589,0,0.164383561643836,0.0273972602739726,0,0.452054794520548,0.0273972602739726,0.0136986301369863,0,0
"105",1,0,0.081570996978852,0.18429003021148,0.0694864048338369,0.0422960725075529,0.0785498489425982,0.0362537764350453,0.145015105740181,0.129909365558912,0.148036253776435,0.0845921450151058,0
"106",1,0,0.115384615384615,0.192307692307692,0.0384615384615385,0.0256410256410256,0.0256410256410256,0.0641025641025641,0.0641025641025641,0.243589743589744,0.0769230769230769,0.153846153846154,0
"107",1,0,0.114285714285714,0.114285714285714,0.0142857142857143,0.1,0.171428571428571,0.0142857142857143,0.128571428571429,0.0714285714285714,0.2,0.0714285714285714,0
"108",1,0,0.126760563380282,0.0704225352112676,0,0.140845070422535,0.0704225352112676,0.028169014084507,0.169014084507042,0.23943661971831,0.140845070422535,0.0140845070422535,0
"109",1,0,0.025,0.1375,0.05,0.025,0.0875,0.0625,0.025,0.2,0.2,0.1875,0
"110",1,0,0,0.164383561643836,0.178082191780822,0.0410958904109589,0.10958904109589,0.0684931506849315,0.0136986301369863,0.10958904109589,0.136986301369863,0.178082191780822,0
"111",1,0,0.192805755395684,0.0848920863309352,0.00287769784172662,0.107913669064748,0.0848920863309352,0.00719424460431655,0.31223021582734,0.119424460431655,0.0748201438848921,0.0129496402877698,0
"112",1,0,0.143162393162393,0.134615384615385,0.0128205128205128,0.0790598290598291,0.100427350427351,0.00854700854700855,0.252136752136752,0.126068376068376,0.117521367521368,0.0256410256410256,0
"113",1,0,0,0.333333333333333,0,0,0,0,0,0.666666666666667,0,0,0
"114",1,0,0.0555555555555556,0.222222222222222,0.194444444444444,0.0277777777777778,0.0833333333333333,0,0.0277777777777778,0.0277777777777778,0.25,0.111111111111111,0
"115",1,0,0.0602409638554217,0.204819277108434,0.0481927710843374,0.0481927710843374,0.120481927710843,0.0120481927710843,0.132530120481928,0.144578313253012,0.144578313253012,0.0843373493975904,0
"116",1,0,0.105348460291734,0.155591572123177,0.0470016207455429,0.0923824959481362,0.0875202593192869,0.0356564019448947,0.176661264181523,0.13290113452188,0.121555915721232,0.0453808752025932,0
"117",1,0,0.0698529411764706,0.180147058823529,0.0661764705882353,0.0441176470588235,0.102941176470588,0.0386029411764706,0.126838235294117,0.137867647058823,0.130514705882353,0.102941176470588,0
"118",1,0,0.160919540229885,0.114942528735632,0.0153256704980843,0.130268199233717,0.0957854406130268,0.0153256704980843,0.233716475095786,0.130268199233717,0.0957854406130268,0.00766283524904215,0
"119",1,0,0.102040816326531,0.183673469387755,0.0306122448979592,0.0918367346938776,0.0918367346938776,0.0102040816326531,0.244897959183674,0.0663265306122449,0.163265306122449,0.0153061224489796,0
"120",1,0,0.0722433460076046,0.159695817490494,0.0304182509505703,0.0418250950570342,0.14828897338403,0.0684410646387833,0.091254752851711,0.144486692015209,0.121673003802281,0.121673003802281,0
"121",1,0,0.0904059040590407,0.164206642066421,0.0571955719557196,0.0535055350553506,0.108856088560886,0.0535055350553506,0.116236162361624,0.151291512915129,0.121771217712177,0.0830258302583027,0
"122",1,0,0.0135135135135135,0.162162162162162,0.0945945945945946,0.00675675675675676,0.108108108108108,0.108108108108108,0.0337837837837838,0.141891891891892,0.0945945945945946,0.236486486486486,0
"123",1,0,0,0.272727272727273,0.0909090909090909,0,0,0,0.181818181818182,0.0909090909090909,0.0909090909090909,0.272727272727273,0
"124",1,0,0.00934579439252336,0.14018691588785,0.158878504672897,0.00934579439252336,0.121495327102804,0.0934579439252336,0.00934579439252336,0.121495327102804,0.102803738317757,0.233644859813084,0
"125",1,0,0.0142857142857143,0.128571428571429,0.0857142857142857,0.0142857142857143,0.128571428571429,0.0714285714285714,0.0571428571428571,0.157142857142857,0.228571428571429,0.114285714285714,0
"126",1,0,0,0.205128205128205,0.128205128205128,0.0512820512820513,0.0256410256410256,0.0256410256410256,0.128205128205128,0.0769230769230769,0.358974358974359,0,0
"127",1,0,0.104972375690608,0.196132596685082,0.0607734806629834,0.0469613259668508,0.091160220994475,0.031767955801105,0.143646408839779,0.117403314917127,0.121546961325967,0.085635359116022,0
"128",1,0,0.0625,0,0.125,0.0625,0.0625,0,0,0.1875,0.25,0.25,0
"129",1,0,0.0395010395010395,0.158004158004158,0.0852390852390852,0.0436590436590437,0.133056133056133,0.051975051975052,0.0893970893970894,0.101871101871102,0.14968814968815,0.147609147609148,0
"130",1,0,0.0688775510204082,0.186224489795919,0.0739795918367347,0.0204081632653061,0.0918367346938776,0.0484693877551021,0.0790816326530613,0.153061224489796,0.104591836734694,0.173469387755102,0
"131",1,0,0.163461538461538,0.182692307692308,0.0480769230769231,0.0384615384615385,0.105769230769231,0.0288461538461538,0.0865384615384615,0.153846153846154,0.115384615384615,0.0769230769230769,0
"132",1,0,0.0217391304347826,0.206521739130435,0.0652173913043478,0.0326086956521739,0.173913043478261,0.0978260869565217,0.0326086956521739,0.108695652173913,0.108695652173913,0.152173913043478,0
"133",1,0,0.113636363636364,0.159090909090909,0.0113636363636364,0.159090909090909,0.102272727272727,0.0113636363636364,0.181818181818182,0.113636363636364,0.113636363636364,0.0340909090909091,0
"134",1,0,0.0239234449760766,0.167464114832536,0.0909090909090909,0.0382775119617225,0.143540669856459,0.0287081339712919,0.114832535885167,0.110047846889952,0.172248803827751,0.110047846889952,0
"135",1,0,0.173410404624277,0.0722543352601156,0,0.199421965317919,0.0751445086705202,0,0.306358381502891,0.0895953757225433,0.0838150289017341,0,0
"136",1,0,0.0281329923273657,0.127877237851662,0.0537084398976982,0.0281329923273657,0.117647058823529,0.0869565217391305,0.0690537084398977,0.173913043478261,0.130434782608696,0.184143222506394,0
"137",1,0,0,0.108695652173913,0.0217391304347826,0.0869565217391304,0.239130434782609,0.0217391304347826,0.130434782608696,0.108695652173913,0.173913043478261,0.108695652173913,0
"138",1,0,0,0,0,0,0.25,0.125,0,0.125,0.125,0.375,0
"139",1,0,0.0341880341880342,0.0854700854700855,0.0170940170940171,0.128205128205128,0.222222222222222,0.0170940170940171,0.222222222222222,0.136752136752137,0.102564102564103,0.0341880341880342,0
"140",1,0,0.0849056603773585,0.19811320754717,0.0691823899371069,0.0566037735849057,0.0786163522012579,0.050314465408805,0.0754716981132075,0.141509433962264,0.132075471698113,0.113207547169811,0
"141",1,0,0.0374479889042996,0.119278779472954,0.0679611650485437,0.0651872399445215,0.117891816920943,0.072122052704577,0.116504854368932,0.128987517337032,0.167822468793343,0.106796116504854,0
"142",1,0,0.0470219435736677,0.122257053291536,0.0626959247648903,0.0376175548589342,0.137931034482759,0.0532915360501568,0.0846394984326019,0.163009404388715,0.141065830721003,0.150470219435737,0
"143",1,0,0.043956043956044,0.153846153846154,0.0293040293040293,0.0622710622710623,0.131868131868132,0.043956043956044,0.15018315018315,0.142857142857143,0.146520146520146,0.0952380952380952,0
"144",1,0,0.0833333333333333,0.166666666666667,0.0373563218390805,0.0890804597701149,0.112068965517241,0.0172413793103448,0.198275862068965,0.0919540229885057,0.155172413793103,0.0488505747126437,0
"145",1,0,0.0705882352941176,0.105882352941177,0.0117647058823529,0.0294117647058824,0.141176470588235,0.0529411764705882,0.182352941176471,0.205882352941177,0.0941176470588236,0.105882352941177,0
"146",1,0,0.0171673819742489,0.141630901287554,0.137339055793991,0.00858369098712446,0.120171673819743,0.0858369098712447,0.0343347639484979,0.120171673819743,0.141630901287554,0.193133047210301,0
"147",1,0,0.028169014084507,0.0985915492957746,0.0140845070422535,0.140845070422535,0.197183098591549,0,0.169014084507042,0.126760563380282,0.183098591549296,0.0422535211267606,0
"148",1,0,0.04,0.11,0.01,0.08,0.19,0.03,0.18,0.12,0.2,0.04,0
"149",1,0,0.0819672131147541,0.245901639344262,0.0655737704918033,0.0491803278688525,0.131147540983607,0.0163934426229508,0.114754098360656,0.0819672131147541,0.180327868852459,0.0327868852459016,0
"150",1,0,0.0438413361169102,0.152400835073069,0.110647181628392,0.0375782881002088,0.0939457202505218,0.0375782881002088,0.0709812108559499,0.125260960334029,0.183716075156576,0.144050104384134,0
"151",1,0,0.163636363636364,0.272727272727273,0,0.0181818181818182,0.127272727272727,0,0.163636363636364,0.109090909090909,0.0909090909090909,0.0545454545454545,0
"152",1,0,0.0639269406392694,0.232876712328767,0.0730593607305936,0.0319634703196347,0.100456621004566,0.0182648401826484,0.155251141552511,0.091324200913242,0.159817351598174,0.0730593607305936,0
"153",1,0,0.118829981718464,0.204753199268739,0.0968921389396708,0.0310786106032907,0.0511882998171847,0.020109689213894,0.13345521023766,0.127970749542961,0.146252285191956,0.0694698354661792,0
"154",1,0,0.0995260663507108,0.236966824644549,0.0947867298578198,0.0165876777251185,0.0616113744075829,0.028436018957346,0.0924170616113743,0.137440758293839,0.12085308056872,0.111374407582938,0
"155",1,0,0,0.2,0,0,0,0.2,0,0.3,0.3,0,0
"156",1,0,0.0354223433242507,0.160762942779292,0.0980926430517711,0.0490463215258855,0.128065395095368,0.0408719346049046,0.0790190735694823,0.0899182561307902,0.1716621253406,0.147138964577657,0
"157",1,0,0.108433734939759,0.144578313253012,0.0240963855421687,0.0602409638554217,0.072289156626506,0.0120481927710843,0.289156626506024,0.120481927710843,0.0843373493975904,0.0843373493975904,0
"158",1,0,0.1875,0.125,0,0.1875,0,0,0.1875,0,0.3125,0,0
"159",1,0,0,0,0.666666666666667,0,0,0,0,0,0,0.333333333333333,0
"160",1,0,0,0,0.125,0,0.125,0.125,0,0,0,0.625,0
"161",1,0,0.107142857142857,0.107142857142857,0.0535714285714286,0.0535714285714286,0.178571428571429,0.0714285714285714,0.125,0.178571428571429,0.125,0,0
"162",1,0,0.0505494505494505,0.127472527472528,0.0703296703296703,0.0659340659340659,0.131868131868132,0.0527472527472527,0.118681318681319,0.127472527472528,0.151648351648352,0.103296703296703,0
"163",1,0,0.0679886685552408,0.15014164305949,0.0339943342776204,0.0651558073654391,0.130311614730878,0.0453257790368272,0.127478753541076,0.15014164305949,0.138810198300283,0.0906515580736544,0
"164",1,0,0,0.0434782608695652,0,0.217391304347826,0.260869565217391,0.0434782608695652,0.260869565217391,0.0434782608695652,0.130434782608696,0,0
"165",1,0,0.113879003558719,0.0782918149466192,0.00711743772241993,0.181494661921708,0.120996441281139,0.00711743772241993,0.281138790035587,0.0889679715302491,0.113879003558719,0.00711743772241993,0
"166",1,0,0.0491803278688525,0.0819672131147541,0.0163934426229508,0.0491803278688525,0.19672131147541,0.0655737704918033,0.131147540983607,0.19672131147541,0.114754098360656,0.0983606557377049,0
"167",1,0,0,0.111111111111111,0,0,0.222222222222222,0.222222222222222,0,0.111111111111111,0.111111111111111,0.222222222222222,0
"168",1,0,0,0.0666666666666667,0.133333333333333,0,0.266666666666667,0.0666666666666667,0.0666666666666667,0.133333333333333,0.2,0.0666666666666667,0
"169",1,0,0,0.132075471698113,0.0943396226415094,0.132075471698113,0.0377358490566038,0.0188679245283019,0.132075471698113,0.0377358490566038,0.339622641509434,0.0754716981132075,0
"170",1,0,0.0440251572327044,0.163522012578616,0.0628930817610063,0.00628930817610063,0.0943396226415094,0.119496855345912,0.050314465408805,0.188679245283019,0.0880503144654088,0.182389937106918,0
"171",1,0,0.0803571428571428,0.142857142857143,0.0223214285714286,0.0669642857142857,0.151785714285714,0.0401785714285714,0.133928571428571,0.125,0.133928571428571,0.102678571428571,0
"172",1,0,0.0793650793650794,0.174603174603174,0.0714285714285714,0.0555555555555556,0.0912698412698413,0.0317460317460317,0.0833333333333333,0.134920634920635,0.166666666666667,0.111111111111111,0
"173",1,0,0.0551724137931034,0.158620689655172,0.0689655172413793,0.0597701149425287,0.096551724137931,0.0597701149425287,0.124137931034483,0.126436781609195,0.15632183908046,0.0942528735632184,0
"174",1,0,0.213483146067416,0.0599250936329588,0,0.153558052434457,0.0674157303370787,0,0.404494382022473,0.0561797752808989,0.0449438202247191,0,0
"175",1,0,0.0495867768595041,0.165289256198347,0.0537190082644628,0.0413223140495868,0.136363636363636,0.0537190082644628,0.103305785123967,0.128099173553719,0.136363636363636,0.132231404958678,0
"176",1,0,0.065989847715736,0.223350253807106,0.0964467005076142,0.0355329949238579,0.050761421319797,0.0152284263959391,0.131979695431472,0.106598984771574,0.16243654822335,0.111675126903553,0
"177",1,0,0.0263157894736842,0.12280701754386,0.0789473684210526,0.0526315789473684,0.105263157894737,0.0701754385964912,0.0263157894736842,0.131578947368421,0.219298245614035,0.166666666666667,0
"178",1,0,0.0414201183431953,0.153846153846154,0.0828402366863906,0.0236686390532544,0.130177514792899,0.0828402366863906,0.0710059171597633,0.165680473372781,0.100591715976331,0.14792899408284,0
"179",1,0,0.14,0.22,0,0.06,0.08,0,0.28,0.1,0.12,0,0
"180",1,0,0.062015503875969,0.193798449612403,0.0697674418604651,0.0387596899224806,0.124031007751938,0.0310077519379845,0.170542635658915,0.10077519379845,0.155038759689923,0.0542635658914729,0
"181",1,0,0.107883817427386,0.153526970954357,0.0622406639004149,0.0539419087136929,0.0871369294605809,0.016597510373444,0.178423236514523,0.103734439834025,0.149377593360996,0.0871369294605809,0
"182",1,0,0.224719101123596,0.202247191011236,0.0449438202247191,0.00561797752808989,0.050561797752809,0.0168539325842697,0.117977528089888,0.202247191011236,0.050561797752809,0.0842696629213483,0
"183",1,0,0.0803571428571428,0.214285714285714,0.0892857142857143,0,0.0267857142857143,0.0714285714285714,0.0267857142857143,0.25,0.0446428571428571,0.196428571428571,0
"184",1,0,0.127659574468085,0.234042553191489,0,0.0212765957446809,0.0851063829787234,0.0212765957446809,0.0425531914893617,0.234042553191489,0.127659574468085,0.106382978723404,0
"185",1,0,0.111111111111111,0.222222222222222,0.037037037037037,0.037037037037037,0.0925925925925926,0.037037037037037,0.0740740740740741,0.166666666666667,0.185185185185185,0.037037037037037,0
"186",1,0,0,0.3,0,0,0.1,0,0.2,0.2,0.1,0.1,0
"187",1,0,0.12,0.14,0,0.12,0.08,0,0.2,0.12,0.2,0.02,0
"188",1,0,0.137931034482759,0.137931034482759,0,0.172413793103448,0.0689655172413793,0,0.275862068965517,0.0689655172413793,0.137931034482759,0,0
"189",1,0,0.384615384615385,0.153846153846154,0,0.0769230769230769,0,0,0.307692307692308,0,0.0769230769230769,0,0
"190",1,0,0.1,0.166666666666667,0,0.0333333333333333,0.1,0,0.333333333333333,0.166666666666667,0.1,0,0
"191",1,0,0.0266666666666667,0.08,0.0666666666666667,0.0666666666666667,0.133333333333333,0.04,0.0933333333333333,0.173333333333333,0.253333333333333,0.0666666666666667,0
"192",1,0,0,0.2,0.1,0,0.15,0.05,0.1,0.15,0.2,0.05,0
"193",1,0,0,0.0555555555555556,0,0.166666666666667,0.222222222222222,0.0277777777777778,0.25,0.111111111111111,0.138888888888889,0.0277777777777778,0
"194",1,0,0.160714285714286,0.232142857142857,0.0714285714285714,0.0178571428571429,0.0625,0.00892857142857143,0.169642857142857,0.142857142857143,0.0803571428571428,0.0535714285714286,0
"195",1,0,0.107416879795396,0.17391304347826,0.0460358056265985,0.0664961636828645,0.088235294117647,0.0166240409207161,0.179028132992327,0.101023017902813,0.145780051150895,0.0754475703324808,0
"196",1,0,0.104247104247104,0.208494208494208,0.0772200772200772,0.027027027027027,0.0733590733590734,0.027027027027027,0.11969111969112,0.11969111969112,0.158301158301158,0.084942084942085,0
"197",1,0,0.07,0.24,0.05,0.03,0.05,0.03,0.2,0.13,0.13,0.07,0
"198",1,0,0.0739130434782609,0.239130434782609,0.0956521739130435,0.0217391304347826,0.0652173913043478,0.0304347826086956,0.0956521739130435,0.143478260869565,0.121739130434783,0.11304347826087,0
"199",1,0,0.207650273224044,0.120218579234973,0.00546448087431694,0.098360655737705,0.0546448087431694,0,0.3224043715847,0.092896174863388,0.0874316939890711,0.0109289617486339,0
"200",1,0,0.0294117647058824,0.0588235294117647,0.0882352941176471,0.0588235294117647,0.176470588235294,0.0588235294117647,0.0294117647058824,0.147058823529412,0.205882352941176,0.147058823529412,0
"201",1,0,0,0,0.153846153846154,0,0.230769230769231,0.153846153846154,0,0.153846153846154,0.0769230769230769,0.230769230769231,0
"202",1,0,0.0175438596491228,0.105263157894737,0.0526315789473684,0.192982456140351,0.175438596491228,0.0175438596491228,0.0701754385964912,0.087719298245614,0.210526315789474,0.0701754385964912,0
"203",1,0,0.0513918629550323,0.110064239828694,0.0436830835117774,0.0835117773019276,0.146038543897217,0.0586723768736619,0.14218415417559,0.121627408993577,0.140471092077089,0.102355460385439,0
"204",1,0,0.131313131313131,0.0732323232323233,0.00252525252525253,0.166666666666667,0.128787878787879,0.0101010101010101,0.297979797979798,0.0984848484848485,0.0732323232323233,0.0176767676767677,0
"205",1,0,0.0506329113924051,0.151898734177215,0.0506329113924051,0.0253164556962025,0.113924050632911,0.139240506329114,0.126582278481013,0.177215189873418,0.0759493670886076,0.0886075949367089,0
"206",1,0,0.0333333333333333,0.0666666666666667,0.0333333333333333,0.1,0.2,0.05,0.15,0.0333333333333333,0.25,0.0833333333333333,0
"207",1,0,0,0.125,0.0416666666666667,0.0416666666666667,0.208333333333333,0.0416666666666667,0,0.25,0.125,0.166666666666667,0
"208",1,0,0.0808383233532934,0.140718562874251,0.0449101796407186,0.0658682634730539,0.161676646706587,0.062874251497006,0.119760479041916,0.11377245508982,0.104790419161677,0.104790419161677,0
"209",1,0,0.105633802816901,0.161971830985915,0.0352112676056338,0.0845070422535211,0.112676056338028,0.0211267605633803,0.140845070422535,0.144366197183099,0.144366197183099,0.0492957746478873,0
"210",1,0,0.02,0.165,0.095,0.035,0.115,0.085,0.05,0.13,0.135,0.17,0
"211",1,0,0.0657142857142857,0.12,0.0371428571428571,0.0828571428571429,0.151428571428572,0.0285714285714286,0.188571428571429,0.125714285714286,0.145714285714286,0.0542857142857143,0
"212",1,0,0.0490196078431373,0.215686274509804,0.0686274509803922,0.0588235294117647,0.0882352941176471,0.0588235294117647,0.0784313725490196,0.156862745098039,0.137254901960784,0.0882352941176471,0
"213",1,0,0.0769230769230769,0.142857142857143,0.0384615384615385,0.054945054945055,0.137362637362637,0.0659340659340659,0.0989010989010989,0.203296703296703,0.104395604395604,0.0769230769230769,0
"214",1,0,0.0461538461538462,0.230769230769231,0.0923076923076923,0.0461538461538462,0.107692307692308,0,0.153846153846154,0.0923076923076923,0.169230769230769,0.0615384615384615,0
"215",1,0,0.0769230769230769,0.153846153846154,0,0.0769230769230769,0.230769230769231,0.0769230769230769,0,0.307692307692308,0,0.0769230769230769,0
"216",1,0,0.333333333333333,0,0,0.333333333333333,0.333333333333333,0,0,0,0,0,0
"217",1,0,0.0769230769230769,0.0909090909090909,0.020979020979021,0.0839160839160839,0.13986013986014,0.048951048951049,0.202797202797203,0.188811188811189,0.132867132867133,0.013986013986014,0
"218",1,0,0.0396039603960396,0.198019801980198,0.0594059405940594,0.0396039603960396,0.099009900990099,0.0297029702970297,0.0891089108910891,0.207920792079208,0.128712871287129,0.108910891089109,0
"219",1,0,0.138888888888889,0.0972222222222222,0.0138888888888889,0.166666666666667,0.138888888888889,0,0.194444444444445,0.0833333333333333,0.152777777777778,0.0138888888888889,0
"220",1,0,0.0732265446224257,0.160183066361556,0.0640732265446225,0.034324942791762,0.108695652173913,0.0766590389016019,0.0778032036613273,0.160183066361556,0.108695652173913,0.136155606407323,0
"221",1,0,0.0807365439093484,0.181303116147309,0.0679886685552407,0.0339943342776204,0.106232294617564,0.0538243626062323,0.101983002832861,0.137393767705382,0.106232294617564,0.130311614730878,0
"222",1,0,0.12316715542522,0.0967741935483871,0.00879765395894428,0.140762463343108,0.131964809384164,0.0234604105571848,0.19941348973607,0.158357771260997,0.0997067448680351,0.0175953079178886,0
"223",1,0,0.0420560747663551,0.126168224299065,0.0327102803738318,0.0373831775700935,0.200934579439252,0.121495327102804,0.0841121495327103,0.135514018691589,0.107476635514019,0.11214953271028,0
"224",1,0,0.075098814229249,0.138339920948617,0.0197628458498024,0.106719367588933,0.1699604743083,0.0395256916996047,0.118577075098814,0.130434782608696,0.142292490118577,0.0592885375494071,0
"225",1,0,0.0405405405405405,0.148648648648649,0.0135135135135135,0.0405405405405405,0.243243243243243,0.0675675675675676,0.0945945945945946,0.162162162162162,0.121621621621622,0.0675675675675676,0
"226",1,0,0.1625,0.05,0,0.2,0.125,0,0.3375,0.0625,0.05,0.0125,0
"227",1,0,0.0285714285714286,0.114285714285714,0.0285714285714286,0.0285714285714286,0.228571428571429,0.128571428571429,0.0428571428571429,0.171428571428571,0.128571428571429,0.1,0
"228",1,0,0.0858585858585859,0.106060606060606,0.0101010101010101,0.111111111111111,0.171717171717172,0.0353535353535354,0.151515151515152,0.176767676767677,0.111111111111111,0.0404040404040404,0
"229",1,0,0.11764705882353,0.122171945701358,0.0633484162895927,0.0565610859728507,0.0927601809954752,0.0361990950226244,0.190045248868778,0.126696832579186,0.079185520361991,0.115384615384616,0
"230",1,0,0.033745247148289,0.106939163498099,0.0646387832699618,0.0651140684410645,0.150190114068441,0.0712927756653992,0.100760456273764,0.11787072243346,0.149714828897338,0.139733840304183,0
"231",1,0,0.0495867768595041,0.115702479338843,0.0454545454545455,0.0578512396694215,0.159090909090909,0.0826446280991735,0.0991735537190082,0.150826446280991,0.136363636363636,0.103305785123967,0
"232",1,0,0.161812297734628,0.0388349514563107,0,0.187702265372168,0.0873786407766991,0,0.40453074433657,0.0744336569579288,0.0453074433656958,0,0
"233",1,0,0.158878504672897,0.0841121495327103,0,0.233644859813084,0.0841121495327103,0,0.252336448598131,0.0841121495327103,0.102803738317757,0,0
"234",1,0,0.0588235294117647,0.0588235294117647,0,0.0294117647058824,0.264705882352941,0.0588235294117647,0.176470588235294,0.205882352941176,0.0882352941176471,0.0588235294117647,0
"235",1,0,0.078125,0.15625,0.078125,0.015625,0.078125,0.09375,0.046875,0.1875,0.171875,0.09375,0
"236",1,0,0.156626506024096,0.0963855421686747,0,0.253012048192771,0.0120481927710843,0,0.36144578313253,0.0481927710843374,0.0602409638554217,0.0120481927710843,0
"237",1,0,0.032258064516129,0.0967741935483871,0.032258064516129,0.032258064516129,0.129032258064516,0.032258064516129,0.193548387096774,0.258064516129032,0.161290322580645,0.032258064516129,0
"238",1,0,0.0740740740740741,0.17037037037037,0.0148148148148148,0.148148148148148,0.0592592592592592,0,0.22962962962963,0.0518518518518518,0.214814814814815,0.037037037037037,0
"239",1,0,0.0415686274509804,0.105098039215686,0.0588235294117648,0.0313725490196079,0.136470588235294,0.12313725490196,0.0580392156862746,0.164705882352941,0.0847058823529411,0.196078431372549,0
"240",1,0,0.0443458980044346,0.119733924611973,0.0532150776053215,0.0443458980044346,0.146341463414634,0.082039911308204,0.0909090909090909,0.148558758314856,0.108647450110865,0.161862527716186,0
"241",1,0,0.0260416666666667,0.109375,0.03125,0.0625,0.192708333333333,0.0572916666666667,0.145833333333333,0.145833333333333,0.140625,0.0885416666666666,0
"242",1,0,0.0909090909090909,0.0909090909090909,0.0303030303030303,0.0606060606060606,0.242424242424242,0.0606060606060606,0.0303030303030303,0.181818181818182,0.181818181818182,0.0303030303030303,0
