"","FFL","No_FFL","PP","PM","PN","NP","NM","NN","MP","MM2","MM1","MN","NonPl_X"
"1",1,0,0.104032258064516,0.116129032258065,0.032258064516129,0.108064516129032,0.101612903225807,0.0266129032258064,0.212096774193547,0.108870967741936,0.140322580645161,0.05,0
"2",1,0,0.0451612903225806,0.116129032258065,0.0580645161290323,0.0451612903225806,0.129032258064516,0.0967741935483871,0.0258064516129032,0.161290322580645,0.167741935483871,0.154838709677419,0
"3",1,0,0.078125,0.146875,0.021875,0.059375,0.11875,0.01875,0.165625,0.171875,0.1375,0.08125,0
"4",1,0,0.124731182795699,0.103225806451613,0.00860215053763441,0.146236559139785,0.0709677419354839,0.00645161290322581,0.309677419354838,0.0795698924731183,0.139784946236559,0.010752688172043,0
"5",1,0,0.104761904761905,0.140476190476191,0.00952380952380952,0.10952380952381,0.102380952380952,0.00476190476190476,0.25,0.0976190476190477,0.145238095238095,0.0357142857142857,0
"6",1,0,0.00900900900900901,0.0720720720720721,0.0990990990990991,0,0.171171171171171,0.126126126126126,0.018018018018018,0.117117117117117,0.126126126126126,0.261261261261261,0
"7",1,0,0.0521172638436482,0.143322475570033,0.0553745928338762,0.0667752442996743,0.128664495114007,0.0374592833876222,0.110749185667752,0.122149837133551,0.171009771986971,0.112377850162866,0
"8",1,0,0.0477386934673366,0.134422110552764,0.0414572864321608,0.0389447236180904,0.14321608040201,0.0640703517587939,0.114321608040201,0.162060301507538,0.118090452261307,0.135678391959799,0
"9",1,0,0.095166163141994,0.128398791540786,0.0438066465256798,0.0634441087613293,0.123867069486405,0.0392749244712991,0.137462235649547,0.152567975830816,0.122356495468278,0.0936555891238671,0
"10",1,0,0.10414333706607,0.13885778275476,0.032474804031355,0.115341545352744,0.0895856662933932,0.00895856662933931,0.228443449048152,0.0907054871220606,0.145576707726764,0.0459126539753639,0
"11",1,0,0.0906976744186046,0.176744186046511,0.0511627906976744,0.0441860465116279,0.113953488372093,0.0302325581395349,0.127906976744186,0.141860465116279,0.130232558139535,0.0930232558139534,0
"12",1,0,0.0800744878957169,0.175046554934823,0.0595903165735568,0.0521415270018622,0.0968342644320297,0.0335195530726257,0.122905027932961,0.147113594040968,0.139664804469274,0.0931098696461824,0
"13",1,0,0.152173913043478,0.145652173913043,0.0282608695652174,0.0695652173913044,0.0891304347826087,0.0195652173913043,0.213043478260869,0.139130434782609,0.115217391304348,0.0282608695652174,0
"14",1,0,0.064625850340136,0.190476190476191,0.064625850340136,0.0170068027210884,0.0952380952380952,0.0408163265306122,0.108843537414966,0.170068027210884,0.115646258503401,0.13265306122449,0
"15",1,0,0.0896601590744758,0.136659436008677,0.0303687635574837,0.0520607375271151,0.125813449023861,0.0686912509038324,0.13882863340564,0.17353579175705,0.0947216196673897,0.0896601590744758,0
"16",1,0,0.141921397379913,0.0895196506550219,0.00655021834061135,0.126637554585153,0.11353711790393,0.0152838427947598,0.292576419213974,0.120087336244542,0.0873362445414847,0.00655021834061135,0
"17",1,0,0.0581395348837209,0.209302325581395,0.0465116279069767,0.0581395348837209,0.13953488372093,0.0116279069767442,0.127906976744186,0.104651162790698,0.186046511627907,0.0581395348837209,0
"18",1,0,0.109452736318408,0.121890547263682,0.0124378109452736,0.0746268656716418,0.131840796019901,0.0323383084577114,0.18407960199005,0.181592039800995,0.0995024875621891,0.0522388059701493,0
"19",1,0,0.08130081300813,0.138211382113821,0.0345528455284553,0.0386178861788618,0.126016260162602,0.0589430894308943,0.117886178861789,0.207317073170732,0.097560975609756,0.0995934959349593,0
"20",1,0,0.108641975308642,0.120987654320988,0.0197530864197531,0.133333333333333,0.106172839506173,0.00987654320987654,0.251851851851851,0.116049382716049,0.11358024691358,0.0197530864197531,0
"21",1,0,0.0417972831765935,0.11128526645768,0.0773249738766979,0.0287356321839081,0.122257053291536,0.109717868338558,0.0747126436781608,0.155172413793104,0.0982236154649946,0.180773249738768,0
"22",1,0,0.0312907431551499,0.152542372881356,0.108213820078227,0.0508474576271186,0.102998696219035,0.0430247718383311,0.089960886571056,0.0938722294654497,0.177314211212516,0.14993481095176,0
"23",1,0,0.032319391634981,0.152091254752852,0.0836501901140685,0.0342205323193916,0.134980988593156,0.0836501901140685,0.0570342205323194,0.11787072243346,0.112167300380228,0.192015209125475,0
"24",1,0,0.170263788968825,0.0959232613908873,0.00479616306954436,0.148681055155875,0.11031175059952,0.00479616306954436,0.270983213429257,0.105515587529976,0.0743405275779376,0.0143884892086331,0
"25",1,0,0.062111801242236,0.158385093167702,0.0496894409937888,0.0372670807453416,0.145962732919255,0.0745341614906832,0.077639751552795,0.161490683229814,0.0931677018633541,0.139751552795031,0
"26",1,0,0.121725731895223,0.149460708782743,0.0277349768875193,0.0832049306625578,0.101694915254237,0.0169491525423729,0.218798151001541,0.117103235747303,0.117103235747303,0.0462249614791988,0
"27",1,0,0.0384615384615385,0.141025641025641,0.0897435897435897,0.0128205128205128,0.141025641025641,0.141025641025641,0.0256410256410256,0.17948717948718,0.0256410256410256,0.205128205128205,0
"28",1,0,0.200764818355641,0.0879541108986615,0.00764818355640535,0.116634799235182,0.0841300191204588,0.00956022944550669,0.27151051625239,0.126195028680688,0.0860420650095601,0.00956022944550669,0
"29",1,0,0.154185022026432,0.121879588839941,0.0117474302496329,0.104258443465492,0.1071953010279,0.013215859030837,0.236417033773863,0.123348017621145,0.0969162995594713,0.0308370044052864,0
"30",1,0,0.117730496453901,0.117730496453901,0.0170212765957447,0.116312056737589,0.126241134751773,0.0226950354609929,0.239716312056738,0.117730496453901,0.099290780141844,0.025531914893617,0
"31",1,0,0.0360018948365704,0.0999526290857409,0.0738986262434864,0.0506868782567504,0.135954523922311,0.0895310279488391,0.0928469919469442,0.126480341070582,0.129796305068687,0.164850781620085,0
"32",1,0,0.0647590361445783,0.114457831325301,0.0240963855421687,0.131024096385542,0.150602409638554,0.0240963855421687,0.189759036144578,0.112951807228916,0.13855421686747,0.0496987951807229,0
"33",1,0,0.0419426048565121,0.123620309050773,0.0441501103752759,0.0772626931567329,0.15673289183223,0.0463576158940397,0.154525386313466,0.1280353200883,0.15673289183223,0.0706401766004415,0
"34",1,0,0.0225563909774436,0.115789473684211,0.0842105263157896,0.0345864661654135,0.157894736842105,0.103759398496241,0.0330827067669173,0.105263157894737,0.130827067669173,0.212030075187969,0
"35",1,0,0.0314465408805031,0.10062893081761,0.0440251572327044,0.0691823899371069,0.157232704402516,0.0440251572327044,0.106918238993711,0.157232704402516,0.169811320754717,0.119496855345912,0
"36",1,0,0.0612745098039215,0.122549019607843,0.0196078431372549,0.0759803921568627,0.176470588235294,0.0490196078431372,0.176470588235294,0.142156862745098,0.110294117647059,0.0661764705882353,0
"37",1,0,0.0151515151515152,0.11038961038961,0.0844155844155844,0.0151515151515152,0.121212121212121,0.132034632034632,0.0303030303030303,0.125541125541125,0.106060606060606,0.25974025974026,0
"38",1,0,0.122186495176849,0.122186495176849,0.0321543408360129,0.0996784565916397,0.0975348338692389,0.0257234726688103,0.211146838156485,0.101822079314041,0.12647374062165,0.0610932475884245,0
"39",1,0,0.0272373540856031,0.136186770428016,0.101167315175097,0.0466926070038911,0.143968871595331,0.0505836575875486,0.0739299610894942,0.0894941634241245,0.175097276264591,0.155642023346303,0
"40",1,0,0.192307692307692,0.0576923076923077,0,0.158653846153846,0.0865384615384615,0.00480769230769231,0.3125,0.105769230769231,0.0673076923076923,0.0144230769230769,0
"41",1,0,0.161016949152542,0.139830508474576,0.0169491525423729,0.0466101694915254,0.122881355932203,0.0338983050847458,0.182203389830508,0.203389830508474,0.0550847457627119,0.038135593220339,0
"42",1,0,0.108641975308642,0.11358024691358,0.00740740740740741,0.11358024691358,0.128395061728395,0.0197530864197531,0.22716049382716,0.125925925925926,0.11358024691358,0.0419753086419753,0
"43",1,0,0.0225941422594142,0.0870292887029288,0.0953974895397489,0.0276150627615063,0.134728033472803,0.133891213389121,0.0535564853556485,0.116317991631799,0.0979079497907949,0.230962343096236,0
"44",1,0,0.0421815083084789,0.120153387302939,0.0609288453344694,0.0647635279079675,0.151682999573924,0.0724328930549636,0.109927567106945,0.11887515977844,0.135492117596932,0.123561994034938,0
"45",1,0,0.0418006430868167,0.141479099678457,0.0482315112540193,0.0578778135048232,0.157556270096463,0.0643086816720257,0.131832797427653,0.141479099678457,0.141479099678457,0.0739549839228296,0
"46",1,0,0.0230769230769231,0.0987179487179486,0.0666666666666667,0.0282051282051282,0.137179487179487,0.161538461538461,0.0487179487179487,0.17051282051282,0.107692307692308,0.157692307692307,0
"47",1,0,0.0655737704918033,0.112232030264817,0.0353089533417402,0.0882723833543505,0.155107187894073,0.0504413619167718,0.156368221941992,0.133669609079445,0.141235813366961,0.0617906683480454,0
"48",1,0,0.0231884057971014,0.121739130434783,0.0956521739130435,0.0289855072463768,0.150724637681159,0.0927536231884058,0.0463768115942029,0.115942028985507,0.144927536231884,0.179710144927536,0
"49",1,0,0.129682997118156,0.112391930835735,0.0144092219020173,0.121037463976945,0.132564841498559,0.0230547550432277,0.247838616714697,0.0979827089337175,0.112391930835735,0.00864553314121037,0
"50",1,0,0.0227272727272727,0.318181818181818,0.181818181818182,0.0227272727272727,0.0454545454545455,0,0,0.113636363636364,0.181818181818182,0.113636363636364,0
"51",1,0,0.0540540540540541,0.181467181467181,0.0888030888030888,0.0501930501930502,0.108108108108108,0.0386100386100386,0.123552123552124,0.111969111969112,0.177606177606178,0.0656370656370656,0
"52",1,0,0.121919584954604,0.194552529182879,0.0557717250324255,0.0466926070038911,0.0843060959792477,0.0272373540856031,0.173800259403372,0.127107652399481,0.102464332036316,0.066147859922179,0
"53",1,0,0.0714285714285714,0.182539682539683,0.0476190476190476,0.0476190476190476,0.0714285714285714,0.0238095238095238,0.134920634920635,0.166666666666667,0.19047619047619,0.0634920634920635,0
"54",1,0,0.0466321243523316,0.150259067357513,0.0673575129533679,0.0259067357512953,0.124352331606218,0.0673575129533679,0.077720207253886,0.16580310880829,0.134715025906736,0.139896373056995,0
"55",1,0,0.117370892018779,0.0657276995305164,0,0.154929577464789,0.140845070422535,0.0140845070422535,0.295774647887324,0.12206572769953,0.0798122065727699,0.00938967136150235,0
"56",1,0,0.045275590551181,0.106299212598425,0.046259842519685,0.0669291338582676,0.163385826771653,0.0846456692913385,0.103346456692913,0.132874015748031,0.121062992125984,0.129921259842519,0
"57",1,0,0.143396226415094,0.116981132075472,0.00754716981132075,0.0641509433962264,0.150943396226415,0.0452830188679245,0.177358490566038,0.169811320754717,0.0867924528301887,0.0377358490566038,0
"58",1,0,0.05,0.186666666666666,0.04,0.05,0.136666666666667,0.0333333333333333,0.156666666666667,0.116666666666667,0.146666666666667,0.0833333333333333,0
"59",1,0,0.110132158590308,0.118942731277533,0.013215859030837,0.0704845814977974,0.149779735682819,0.0484581497797357,0.180616740088106,0.156387665198238,0.101321585903084,0.0506607929515419,0
"60",1,0,0.120418848167539,0.151832460732984,0.0104712041884817,0.0732984293193717,0.104712041884817,0.0366492146596859,0.209424083769634,0.120418848167539,0.141361256544503,0.031413612565445,0
"61",1,0,0.137055837563452,0.187817258883249,0.0203045685279188,0.121827411167513,0.065989847715736,0.0101522842639594,0.213197969543147,0.111675126903553,0.116751269035533,0.0152284263959391,0
"62",1,0,0.115523465703971,0.111913357400722,0.0072202166064982,0.164259927797834,0.0974729241877256,0.00902527075812274,0.315884476534297,0.0685920577617328,0.101083032490975,0.00902527075812274,0
"63",1,0,0.0524861878453038,0.146408839779005,0.0957642725598525,0.0699815837937384,0.096685082872928,0.0386740331491713,0.128913443830571,0.104051565377532,0.185082872928176,0.08195211786372,0
"64",1,0,0.14555633310007,0.147655703289014,0.0223932820153954,0.090972708187544,0.0888733379986006,0.013296011196641,0.2407277816655,0.101469559132261,0.108467459762072,0.0405878236529041,0
"65",1,0,0.11214953271028,0.16588785046729,0.0397196261682243,0.0841121495327103,0.0934579439252336,0.0116822429906542,0.177570093457944,0.102803738317757,0.163551401869159,0.0490654205607477,0
"66",1,0,0.0827067669172932,0.285714285714286,0.105263157894737,0.0075187969924812,0.075187969924812,0.0451127819548872,0.0676691729323308,0.165413533834586,0.0601503759398496,0.105263157894737,0
"67",1,0,0.0436854646544877,0.116759332803812,0.0643367752184274,0.0659253375694996,0.155679110405083,0.0714853057982526,0.0953137410643366,0.135027799841144,0.127879269261318,0.123907863383638,0
"68",1,0,0.0662442396313363,0.116359447004609,0.0506912442396312,0.0852534562211984,0.131048387096775,0.0495391705069123,0.135368663594471,0.124711981566821,0.141417050691245,0.0993663594470051,0
"69",1,0,0.0405786873676782,0.119618913196895,0.0832745236414961,0.0229357798165138,0.117854622441778,0.114326040931546,0.0596330275229358,0.145377558221595,0.10409315455187,0.192307692307692,0
"70",1,0,0.09375,0.15625,0.03125,0.0868055555555556,0.0972222222222223,0.0138888888888889,0.173611111111111,0.135416666666667,0.142361111111111,0.0694444444444445,0
"71",1,0,0.0389784946236559,0.118279569892473,0.0389784946236559,0.0551075268817204,0.17741935483871,0.0819892473118279,0.0927419354838709,0.146505376344086,0.119623655913978,0.130376344086021,0
"72",1,0,0.0276073619631902,0.101226993865031,0.049079754601227,0.0644171779141105,0.165644171779141,0.0613496932515338,0.0950920245398773,0.153374233128834,0.171779141104295,0.110429447852761,0
"73",1,0,0.0457142857142857,0.12,0.04,0.0857142857142858,0.174285714285714,0.0557142857142858,0.137142857142857,0.122857142857143,0.141428571428572,0.0771428571428572,0
"74",1,0,0.0749711649365628,0.10957324106113,0.0219146482122261,0.0957324106113033,0.161476355247981,0.0415224913494809,0.154555940023068,0.146482122260669,0.121107266435986,0.0726643598615917,0
"75",1,0,0.18918918918919,0.0380835380835381,0,0.222358722358723,0.0687960687960689,0,0.379606879606879,0.0601965601965603,0.0417690417690418,0,0
"76",1,0,0.0914893617021278,0.103191489361702,0.0159574468085106,0.146808510638298,0.136170212765958,0.0148936170212766,0.229787234042553,0.102127659574468,0.124468085106383,0.0351063829787234,0
"77",1,0,0.0272,0.1184,0.0704,0.0368,0.1616,0.0976,0.0608,0.1392,0.1328,0.1552,0
"78",1,0,0.145390070921986,0.140425531914894,0.0226950354609929,0.0992907801418441,0.0936170212765958,0.0134751773049645,0.254609929078014,0.1,0.101418439716312,0.0290780141843972,0
"79",1,0,0.0868706811451135,0.155972359328726,0.0769990128331688,0.0513326752221125,0.110562685093781,0.0513326752221125,0.115498519249753,0.115498519249753,0.115498519249753,0.120434353405726,0
"80",1,0,0.143426294820717,0.180278884462151,0.0527888446215139,0.0537848605577689,0.105577689243028,0.0368525896414342,0.146414342629482,0.121513944223107,0.0856573705179282,0.0737051792828685,0
"81",1,0,0.0396039603960396,0.194719471947195,0.125412541254125,0.0099009900990099,0.0891089108910891,0.0627062706270627,0.0429042904290429,0.122112211221122,0.118811881188119,0.194719471947195,0
"82",1,0,0.0704845814977974,0.162995594713657,0.0352422907488987,0.039647577092511,0.145374449339207,0.0837004405286344,0.101321585903084,0.193832599118943,0.066079295154185,0.101321585903084,0
"83",1,0,0.0698412698412699,0.152380952380952,0.0317460317460317,0.104761904761905,0.146031746031746,0.019047619047619,0.165079365079365,0.101587301587302,0.152380952380952,0.0571428571428572,0
"84",1,0,0.0462962962962963,0.17283950617284,0.0740740740740741,0.0401234567901235,0.132716049382716,0.0617283950617284,0.058641975308642,0.12962962962963,0.12962962962963,0.154320987654321,0
"85",1,0,0.0689655172413793,0.175862068965517,0.0689655172413793,0.0379310344827586,0.120689655172414,0.0344827586206897,0.120689655172414,0.131034482758621,0.137931034482759,0.103448275862069,0
"86",1,0,0.128205128205128,0.164835164835165,0.0183150183150183,0.0989010989010989,0.0842490842490843,0.00366300366300366,0.274725274725274,0.0842490842490843,0.113553113553114,0.0293040293040293,0
"87",1,0,0.0235602094240838,0.149214659685864,0.136125654450262,0.0261780104712042,0.102094240837696,0.0680628272251309,0.0340314136125654,0.109947643979058,0.154450261780105,0.196335078534032,0
"88",1,0,0.00892857142857143,0.142857142857143,0.116071428571429,0,0.0848214285714285,0.183035714285714,0.0133928571428571,0.138392857142857,0.0491071428571428,0.263392857142857,0
"89",1,0,0.144329896907216,0.123711340206186,0.00687285223367698,0.0756013745704468,0.116838487972509,0.0240549828178694,0.230240549828178,0.151202749140893,0.0893470790378007,0.0378006872852234,0
"90",1,0,0.0891089108910891,0.217821782178218,0.0346534653465347,0.0396039603960396,0.148514851485149,0.0445544554455446,0.113861386138614,0.138613861386139,0.0940594059405941,0.0792079207920792,0
"91",1,0,0.0587606837606837,0.137820512820512,0.0721153846153845,0.0443376068376068,0.110576923076923,0.0587606837606837,0.104166666666666,0.142628205128205,0.137820512820512,0.13301282051282,0
"92",1,0,0.00321543408360129,0.102893890675241,0.154340836012862,0.00964630225080386,0.067524115755627,0.122186495176849,0.0192926045016077,0.115755627009646,0.131832797427653,0.273311897106109,0
"93",1,0,0.117241379310345,0.0942528735632184,0.0137931034482759,0.105747126436782,0.133333333333333,0.0206896551724138,0.222988505747126,0.137931034482759,0.117241379310345,0.0367816091954023,0
"94",1,0,0.125984251968504,0.0944881889763779,0.00393700787401575,0.106299212598425,0.118110236220472,0.0393700787401575,0.263779527559055,0.125984251968504,0.0826771653543307,0.0393700787401575,0
"95",1,0,0.0181818181818182,0.133333333333333,0.0727272727272727,0.0242424242424242,0.121212121212121,0.109090909090909,0.0424242424242424,0.139393939393939,0.133333333333333,0.206060606060606,0
"96",1,0,0.14018691588785,0.0953271028037383,0.00560747663551402,0.132710280373832,0.100934579439252,0.0168224299065421,0.271028037383177,0.142056074766355,0.0728971962616823,0.0224299065420561,0
"97",1,0,0.0788732394366197,0.132394366197183,0.0197183098591549,0.0788732394366197,0.146478873239437,0.0253521126760563,0.197183098591549,0.132394366197183,0.138028169014084,0.0507042253521127,0
"98",1,0,0.0133333333333333,0.133333333333333,0.133333333333333,0.00666666666666667,0.08,0.133333333333333,0.02,0.126666666666667,0.09,0.263333333333333,0
"99",1,0,0.0236686390532544,0.142011834319527,0.142011834319527,0.0473372781065089,0.14792899408284,0.0710059171597633,0.0591715976331361,0.0591715976331361,0.171597633136095,0.136094674556213,0
"100",1,0,0.122754491017964,0.18562874251497,0.0359281437125748,0.0419161676646707,0.110778443113772,0.0239520958083832,0.167664670658683,0.134730538922156,0.116766467065868,0.0598802395209581,0
"101",1,0,0.187667560321716,0.115281501340483,0.00804289544235925,0.155495978552279,0.0723860589812333,0.00536193029490617,0.257372654155496,0.0911528150134049,0.093833780160858,0.0134048257372654,0
"102",1,0,0.037037037037037,0.106481481481481,0.0324074074074074,0.0879629629629629,0.194444444444444,0.0462962962962963,0.12962962962963,0.106481481481481,0.171296296296296,0.0879629629629629,0
"103",1,0,0.173387096774193,0.064516129032258,0,0.165322580645161,0.108870967741935,0,0.350806451612903,0.0887096774193548,0.0483870967741935,0,0
"104",1,0,0.117171717171717,0.0727272727272727,0.0101010101010101,0.165656565656566,0.129292929292929,0.0181818181818182,0.232323232323233,0.127272727272727,0.111111111111111,0.0161616161616162,0
"105",1,0,0.0925925925925925,0.104166666666667,0.0115740740740741,0.127314814814815,0.115740740740741,0.0162037037037037,0.252314814814815,0.12962962962963,0.122685185185185,0.0277777777777778,0
"106",1,0,0.0955882352941177,0.107843137254902,0.00980392156862745,0.139705882352941,0.147058823529412,0.0220588235294118,0.247549019607843,0.102941176470588,0.107843137254902,0.0196078431372549,0
"107",1,0,0.132850241545894,0.128019323671497,0.0241545893719807,0.0821256038647342,0.101449275362319,0.0217391304347826,0.159420289855073,0.173913043478261,0.132850241545894,0.0434782608695652,0
"108",1,0,0.0672645739910314,0.174887892376682,0.0448430493273543,0.0896860986547085,0.130044843049327,0.0224215246636771,0.170403587443946,0.0941704035874439,0.15695067264574,0.0493273542600897,0
"109",1,0,0.164556962025317,0.0949367088607595,0,0.10126582278481,0.0822784810126582,0.00632911392405063,0.265822784810127,0.132911392405063,0.132911392405063,0.0189873417721519,0
"110",1,0,0.0782608695652174,0.171014492753623,0.0405797101449275,0.0782608695652174,0.110144927536232,0.0492753623188406,0.142028985507246,0.142028985507246,0.133333333333333,0.055072463768116,0
"111",1,0,0.055045871559633,0.155963302752294,0.073394495412844,0.0146788990825688,0.0844036697247706,0.0899082568807339,0.0770642201834862,0.177981651376147,0.0880733944954128,0.18348623853211,0
"112",1,0,0.0783289817232374,0.122715404699738,0.0369886858137511,0.0644038294168841,0.12532637075718,0.0509138381201044,0.152741514360314,0.146649260226284,0.119669277632724,0.102262837249782,0
"113",1,0,0.0290519877675841,0.103975535168196,0.0810397553516819,0.0382262996941896,0.128440366972477,0.103975535168196,0.0428134556574924,0.14525993883792,0.143730886850153,0.18348623853211,0
"114",1,0,0.0730478589420655,0.123425692695214,0.0226700251889169,0.0931989924433249,0.141057934508816,0.0403022670025189,0.17632241813602,0.143576826196473,0.130982367758186,0.0554156171284635,0
"115",1,0,0.0162337662337662,0.116883116883117,0.0844155844155844,0.0422077922077922,0.152597402597403,0.0649350649350649,0.051948051948052,0.11038961038961,0.175324675324675,0.185064935064935,0
"116",1,0,0.048780487804878,0.123983739837398,0.0467479674796748,0.0426829268292683,0.134146341463415,0.0833333333333333,0.0934959349593495,0.178861788617886,0.121951219512195,0.126016260162602,0
"117",1,0,0.202898550724638,0.0307971014492754,0,0.197463768115942,0.0597826086956522,0,0.411231884057972,0.0652173913043478,0.0326086956521739,0,0
"118",1,0,0.157446808510638,0.0808510638297873,0,0.204255319148936,0.0765957446808511,0,0.28936170212766,0.0638297872340425,0.119148936170213,0.00851063829787234,0
"119",1,0,0.10599520383693,0.160191846522783,0.0446043165467626,0.0776978417266187,0.0906474820143885,0.0235011990407674,0.185611510791369,0.11031175059952,0.13621103117506,0.0652278177458033,0
"120",1,0,0.0962479608482873,0.149673735725939,0.0615823817292005,0.0379282218597064,0.0995106035889072,0.0534257748776508,0.141109298531811,0.142332789559544,0.10725938009788,0.110929853181077,0
"121",1,0,0.111561866125761,0.148580121703854,0.0390466531440163,0.0882352941176474,0.0907707910750511,0.018762677484787,0.200811359026368,0.112068965517242,0.134888438133875,0.0552738336713997,0
"122",1,0,0.051470588235294,0.188419117647058,0.108455882352941,0.0183823529411765,0.0716911764705881,0.0624999999999999,0.0661764705882352,0.141544117647058,0.102022058823529,0.189338235294117,0
"123",1,0,0.0385403854038541,0.154571545715456,0.124641246412463,0.016810168101681,0.0889708897088969,0.079540795407954,0.0537105371053712,0.11890118901189,0.104961049610496,0.219352193521933,0
"124",1,0,0.171370967741935,0.153225806451613,0.0262096774193548,0.0584677419354838,0.0786290322580645,0.0181451612903226,0.221774193548387,0.122983870967742,0.116935483870968,0.032258064516129,0
"125",1,0,0.0923694779116465,0.190763052208835,0.0582329317269076,0.0281124497991968,0.0783132530120481,0.0481927710843373,0.0843373493975903,0.182730923694779,0.114457831325301,0.122489959839357,0
"126",1,0,0.0835694050991501,0.196883852691218,0.0779036827195467,0.0269121813031162,0.0694050991501416,0.0453257790368272,0.0793201133144475,0.168555240793201,0.121813031161473,0.130311614730878,0
"127",1,0,0.102106969205835,0.157212317666126,0.0437601296596434,0.0470016207455429,0.103727714748785,0.0307941653160454,0.13452188006483,0.155591572123177,0.139384116693679,0.0858995137763371,0
"128",1,0,0.0380165289256198,0.196694214876033,0.130578512396694,0.0181818181818182,0.0809917355371901,0.0413223140495868,0.056198347107438,0.123966942148761,0.137190082644628,0.176859504132232,0
"129",1,0,0.1484375,0.1640625,0.0265625,0.075,0.08125,0.0078125,0.228124999999999,0.1109375,0.1171875,0.040625,0
"130",1,0,0.0694444444444445,0.189814814814815,0.0879629629629631,0.0123456790123457,0.0771604938271606,0.0617283950617284,0.0524691358024691,0.180555555555556,0.0879629629629631,0.180555555555556,0
"131",1,0,0.126819126819127,0.162162162162162,0.0322245322245322,0.0509355509355509,0.0977130977130977,0.0291060291060291,0.156964656964657,0.166320166320166,0.106029106029106,0.0717255717255717,0
"132",1,0,0.0715350223546945,0.166915052160954,0.0834575260804769,0.0268256333830104,0.0849478390461997,0.059612518628912,0.10134128166915,0.175856929955291,0.132637853949329,0.0968703427719821,0
"133",1,0,0.0304878048780488,0.158536585365854,0.0731707317073171,0.024390243902439,0.109756097560976,0.0609756097560976,0.0792682926829268,0.170731707317073,0.146341463414634,0.146341463414634,0
"134",1,0,0.0673316708229426,0.149625935162095,0.0349127182044888,0.0822942643391521,0.084788029925187,0.0249376558603491,0.209476309226933,0.109725685785536,0.182044887780549,0.0548628428927681,0
"135",1,0,0.0298507462686567,0.158208955223881,0.101492537313433,0.0149253731343284,0.113432835820896,0.0805970149253732,0.0686567164179105,0.128358208955224,0.149253731343284,0.155223880597015,0
"136",1,0,0.104444444444444,0.14,0.0311111111111111,0.0577777777777778,0.111111111111111,0.0355555555555556,0.151111111111111,0.168888888888889,0.128888888888889,0.0711111111111111,0
"137",1,0,0.162087912087912,0.0576923076923077,0,0.162087912087912,0.0906593406593407,0,0.37087912087912,0.0989010989010989,0.0576923076923077,0,0
"138",1,0,0,0.135922330097087,0.140776699029126,0,0.106796116504854,0.145631067961165,0,0.106796116504854,0.058252427184466,0.305825242718447,0
"139",1,0,0.169387755102041,0.116326530612245,0.0102040816326531,0.0775510204081632,0.114285714285714,0.0163265306122449,0.222448979591836,0.155102040816326,0.0897959183673468,0.0285714285714286,0
"140",1,0,0.0847308031774053,0.191526919682259,0.0723742277140337,0.0441306266548986,0.0917917034421891,0.0264783759929391,0.158870255957635,0.113857016769638,0.134157105030892,0.0820829655781114,0
"141",1,0,0.0958466453674119,0.152555910543131,0.0487220447284344,0.0487220447284344,0.115015974440894,0.0439297124600638,0.136581469648562,0.143769968051118,0.113418530351437,0.101437699680511,0
"142",1,0,0.119101123595506,0.139325842696629,0.0179775280898876,0.0674157303370786,0.110112359550562,0.0292134831460674,0.177528089887641,0.170786516853933,0.112359550561798,0.0561797752808988,0
"143",1,0,0.0976863753213367,0.136246786632391,0.0359897172236504,0.0874035989717223,0.110539845758355,0.025706940874036,0.125964010282776,0.151670951156812,0.156812339331619,0.0719794344473007,0
"144",1,0,0.163865546218487,0.0840336134453782,0.00420168067226891,0.100840336134454,0.11764705882353,0.0105042016806723,0.283613445378151,0.138655462184874,0.0798319327731093,0.0168067226890756,0
"145",1,0,0.109561752988048,0.129482071713147,0.0219123505976096,0.0737051792828685,0.111553784860558,0.0338645418326693,0.151394422310757,0.179282868525896,0.127490039840637,0.0617529880478087,0
"146",1,0,0.0707439525330899,0.121862163395709,0.0383386581469649,0.121862163395709,0.130990415335462,0.0260155180282976,0.180739388407119,0.0921953445915104,0.146052031036056,0.0712003651300776,0
"147",1,0,0.0506993006993008,0.131701631701631,0.0617715617715619,0.0792540792540792,0.134032634032634,0.0460372960372961,0.121794871794871,0.11072261072261,0.152097902097902,0.111888111888111,0
"148",1,0,0.145860709592641,0.132720105124836,0.0275952693823916,0.0709592641261497,0.0880420499342969,0.0420499342969776,0.126149802890933,0.185282522996058,0.110381077529566,0.0709592641261497,0
"149",1,0,0.0676972281449893,0.125799573560768,0.0394456289978678,0.0922174840085287,0.137526652452026,0.0383795309168443,0.178038379530918,0.112473347547974,0.138592750533049,0.0698294243070362,0
"150",1,0,0.0749665327978582,0.127175368139224,0.0374832663989291,0.0589022757697457,0.132530120481928,0.0562248995983936,0.144578313253012,0.156626506024096,0.131191432396252,0.0803212851405623,0
"151",1,0,0.0321428571428571,0.139285714285714,0.0892857142857143,0.0285714285714286,0.114285714285714,0.0714285714285714,0.0571428571428572,0.157142857142857,0.139285714285714,0.171428571428571,0
"152",1,0,0.0717647058823529,0.128235294117647,0.0305882352941176,0.0858823529411764,0.130588235294118,0.0317647058823529,0.168235294117647,0.135294117647059,0.145882352941177,0.0717647058823529,0
"153",1,0,0.0443645083932854,0.133093525179856,0.0671462829736211,0.0599520383693045,0.128297362110312,0.052757793764988,0.113908872901679,0.136690647482015,0.158273381294964,0.105515587529976,0
"154",1,0,0.0397111913357401,0.108303249097473,0.0397111913357401,0.0649819494584838,0.151624548736462,0.0649819494584838,0.137184115523466,0.148014440433213,0.151624548736462,0.0938628158844765,0
"155",1,0,0.0461861441567529,0.131560531840448,0.0776766969909028,0.0566829951014695,0.115465360391883,0.0629811056682995,0.112666200139958,0.118264520643807,0.130860741777467,0.147655703289014,0
"156",1,0,0.12693246541904,0.0886899918633036,0.0276647681041497,0.0976403580146463,0.117168429617576,0.0455655004068348,0.230268510984541,0.135882831570383,0.078925956061839,0.0512611879576891,0
"157",1,0,0.32,0,0,0.185,0.02,0,0.47,0.005,0,0,0
"158",1,0,0.109725685785536,0.139650872817955,0.0199501246882793,0.0723192019950124,0.149625935162095,0.0473815461346633,0.174563591022444,0.154613466334165,0.0897755610972568,0.0423940149625935,0
"159",1,0,0.0790816326530613,0.147959183673469,0.0357142857142857,0.0816326530612245,0.122448979591837,0.0306122448979592,0.122448979591837,0.150510204081633,0.147959183673469,0.0816326530612245,0
"160",1,0,0.202764976958525,0.115207373271889,0,0.12442396313364,0.110599078341014,0,0.294930875576037,0.110599078341014,0.0414746543778802,0,0
"161",1,0,0.0284974093264249,0.139896373056995,0.0699481865284974,0.0440414507772021,0.176165803108808,0.0880829015544041,0.0647668393782384,0.103626943005181,0.132124352331606,0.152849740932643,0
"162",1,0,0.0866510538641687,0.149882903981265,0.0210772833723653,0.10304449648712,0.128805620608899,0.00936768149882904,0.213114754098361,0.0866510538641687,0.14519906323185,0.0562060889929743,0
"163",1,0,0.203846153846154,0.123076923076923,0,0.153846153846154,0.0461538461538462,0,0.346153846153845,0.05,0.0769230769230769,0,0
"164",1,0,0.0950764006791172,0.135823429541596,0.0220713073005093,0.0899830220713074,0.140916808149406,0.0271646859083192,0.196943972835314,0.127334465195246,0.117147707979627,0.0475382003395586,0
"165",1,0,0.154078549848943,0.157099697885196,0.00906344410876133,0.126888217522659,0.0664652567975831,0.00302114803625378,0.29607250755287,0.0604229607250755,0.120845921450151,0.00604229607250755,0
"166",1,0,0.0660377358490566,0.163522012578616,0.0534591194968553,0.0283018867924528,0.106918238993711,0.0849056603773585,0.0911949685534591,0.176100628930818,0.110062893081761,0.119496855345912,0
"167",1,0,0.0645161290322581,0.198924731182796,0.0376344086021505,0.0752688172043011,0.134408602150538,0.0268817204301075,0.161290322580645,0.0860215053763441,0.150537634408602,0.0645161290322581,0
"168",1,0,0.208121827411167,0.111675126903553,0.0050761421319797,0.126903553299492,0.065989847715736,0,0.289340101522842,0.0710659898477157,0.116751269035533,0.0050761421319797,0
"169",1,0,0.167487684729064,0.113300492610837,0,0.113300492610837,0.0788177339901478,0,0.334975369458128,0.0788177339901478,0.113300492610837,0,0
"170",1,0,0.159253945480631,0.111908177905308,0.00573888091822095,0.130559540889527,0.0631276901004304,0.00286944045911047,0.321377331420374,0.0760401721664275,0.116212338593974,0.0129124820659971,0
"171",1,0,0.0905077262693156,0.139072847682119,0.0397350993377483,0.0750551876379691,0.11037527593819,0.0309050772626932,0.167770419426049,0.139072847682119,0.150110375275938,0.0573951434878587,0
"172",1,0,0.0414746543778802,0.147465437788018,0.0460829493087557,0.0599078341013825,0.13594470046083,0.0368663594470046,0.110599078341014,0.126728110599078,0.168202764976958,0.126728110599078,0
"173",1,0,0.118380062305296,0.113707165109034,0.0218068535825545,0.105919003115265,0.0903426791277259,0.0171339563862928,0.228971962616822,0.14018691588785,0.135514018691589,0.0280373831775701,0
"174",1,0,0.0481522956326988,0.0907054871220606,0.0313549832026876,0.0996640537514,0.199328107502799,0.0638297872340426,0.150055991041434,0.127659574468085,0.116461366181411,0.0727883538633819,0
"175",1,0,0.127118644067797,0.138983050847458,0.0186440677966102,0.0542372881355932,0.125423728813559,0.0491525423728814,0.193220338983051,0.147457627118644,0.0796610169491526,0.0661016949152543,0
"176",1,0,0.0185185185185185,0.0740740740740741,0.111111111111111,0,0.111111111111111,0.222222222222222,0,0.277777777777778,0.0740740740740741,0.111111111111111,0
"177",1,0,0.0617977528089888,0.207865168539326,0.0393258426966292,0.0786516853932584,0.0898876404494382,0.0280898876404494,0.140449438202247,0.129213483146067,0.151685393258427,0.0730337078651685,0
"178",1,0,0.0542986425339366,0.133484162895928,0.0452488687782805,0.0384615384615385,0.149321266968326,0.0882352941176471,0.0995475113122173,0.178733031674208,0.0927601809954752,0.119909502262444,0
"179",1,0,0.106145251396648,0.128491620111732,0.0111731843575419,0.134078212290503,0.139664804469274,0.0167597765363128,0.195530726256983,0.128491620111732,0.0949720670391061,0.0446927374301676,0
"180",1,0,0.0528541226215645,0.118393234672304,0.0486257928118393,0.107822410147992,0.158562367864693,0.040169133192389,0.133192389006342,0.114164904862579,0.154334038054968,0.0718816067653277,0
"181",1,0,0.151515151515151,0.0681818181818181,0.00378787878787879,0.109848484848485,0.140151515151515,0.0151515151515152,0.299242424242424,0.143939393939394,0.0454545454545454,0.0227272727272727,0
"182",1,0,0.0544747081712062,0.163424124513619,0.0350194552529183,0.0272373540856031,0.132295719844358,0.0972762645914397,0.0856031128404669,0.178988326848249,0.0817120622568093,0.143968871595331,0
"183",1,0,0.0515463917525773,0.123711340206186,0.0412371134020619,0.0824742268041237,0.22680412371134,0.0618556701030928,0.0721649484536082,0.134020618556701,0.103092783505155,0.103092783505155,0
"184",1,0,0.154811715481172,0.0962343096234309,0,0.138075313807531,0.121338912133891,0.00418410041841004,0.313807531380754,0.0878661087866108,0.0753138075313807,0.00836820083682008,0
"185",1,0,0.0862068965517241,0.132183908045977,0.0172413793103448,0.109195402298851,0.126436781609195,0.00574712643678161,0.298850574712643,0.0862068965517241,0.126436781609195,0.0114942528735632,0
"186",1,0,0.076,0.164,0.032,0.032,0.164,0.08,0.06,0.18,0.084,0.128,0
"187",1,0,0.0642857142857143,0.207142857142857,0.0571428571428571,0.0428571428571429,0.121428571428571,0.0428571428571429,0.107142857142857,0.157142857142857,0.128571428571429,0.0714285714285714,0
"188",1,0,0,0.17910447761194,0.134328358208955,0.0597014925373134,0.134328358208955,0.0447761194029851,0.104477611940299,0.0746268656716418,0.208955223880597,0.0597014925373134,0
"189",1,0,0.0804289544235925,0.243967828418231,0.152815013404826,0.0294906166219839,0.0670241286863271,0.0241286863270778,0.0670241286863271,0.0991957104557641,0.10455764075067,0.131367292225201,0
"190",1,0,0.0818247646632875,0.151339608979001,0.0528602461984069,0.063721940622737,0.120926864590876,0.0492396813902968,0.11875452570601,0.133960897900073,0.120202751629254,0.107168718320058,0
"191",1,0,0.162162162162162,0.0810810810810811,0,0.130630630630631,0.0900900900900901,0.0045045045045045,0.342342342342343,0.103603603603604,0.0765765765765766,0.00900900900900901,0
"192",1,0,0.0185185185185185,0.0987654320987654,0.12962962962963,0.00617283950617284,0.0925925925925926,0.172839506172839,0.00617283950617284,0.0925925925925926,0.0617283950617284,0.320987654320988,0
"193",1,0,0.025531914893617,0.131914893617021,0.097872340425532,0.0297872340425532,0.140425531914894,0.0638297872340425,0.0595744680851064,0.127659574468085,0.153191489361702,0.170212765957447,0
"194",1,0,0.0476190476190476,0.168498168498168,0.0732600732600733,0.0146520146520147,0.106227106227106,0.0842490842490843,0.0842490842490843,0.172161172161172,0.124542124542125,0.124542124542125,0
"195",1,0,0.0804597701149425,0.149425287356322,0.028735632183908,0.0574712643678161,0.132183908045977,0.028735632183908,0.149425287356322,0.166666666666667,0.149425287356322,0.0574712643678161,0
"196",1,0,0.161931818181818,0.0823863636363636,0.0113636363636364,0.0994318181818181,0.096590909090909,0.0142045454545455,0.235795454545454,0.176136363636364,0.107954545454545,0.0142045454545455,0
"197",1,0,0.103806228373702,0.13840830449827,0.00346020761245675,0.103806228373702,0.121107266435986,0.00346020761245675,0.235294117647059,0.107266435986159,0.141868512110727,0.041522491349481,0
"198",1,0,0.110975609756098,0.14390243902439,0.0426829268292683,0.0853658536585366,0.103658536585366,0.0231707317073171,0.209756097560976,0.121951219512195,0.1,0.0585365853658537,0
"199",1,0,0.0526315789473684,0.155195681511471,0.0836707152496626,0.0283400809716599,0.107962213225371,0.0580296896086369,0.0836707152496626,0.136302294197031,0.12280701754386,0.171390013495277,0
"200",1,0,0.0942857142857144,0.0914285714285715,0.02,0.102857142857143,0.128571428571429,0.02,0.217142857142857,0.162857142857143,0.131428571428572,0.0314285714285714,0
"201",1,0,0.170068027210884,0.0680272108843537,0.00340136054421769,0.129251700680272,0.115646258503401,0.00680272108843537,0.292517006802721,0.139455782312925,0.0714285714285714,0.00340136054421769,0
"202",1,0,0.0702179176755448,0.13317191283293,0.0193704600484262,0.11864406779661,0.128329297820823,0.0242130750605327,0.193704600484261,0.121065375302663,0.140435835351089,0.0508474576271186,0
"203",1,0,0.0524017467248908,0.117903930131004,0.056768558951965,0.0436681222707423,0.139737991266376,0.0611353711790393,0.135371179039301,0.174672489082969,0.131004366812227,0.0873362445414847,0
"204",1,0,0.0635359116022099,0.113259668508287,0.0276243093922652,0.0994475138121546,0.138121546961326,0.0441988950276243,0.157458563535911,0.160220994475138,0.138121546961326,0.0580110497237569,0
"205",1,0,0.105381165919283,0.105381165919283,0.0112107623318386,0.179372197309417,0.0986547085201795,0.00672645739910314,0.269058295964126,0.0964125560538118,0.109865470852018,0.0179372197309417,0
"206",1,0,0.121052631578947,0.0526315789473684,0,0.173684210526316,0.136842105263158,0.0210526315789474,0.336842105263158,0.0894736842105263,0.0526315789473684,0.0157894736842105,0
"207",1,0,0.118705035971223,0.0683453237410072,0.00719424460431655,0.133093525179856,0.115107913669065,0.0179856115107914,0.269784172661871,0.140287769784173,0.111510791366907,0.0179856115107914,0
"208",1,0,0.0591549295774648,0.0535211267605634,0.0028169014084507,0.177464788732394,0.157746478873239,0.0422535211267606,0.228169014084507,0.138028169014084,0.115492957746479,0.0253521126760563,0
"209",1,0,0.0571428571428571,0.123809523809524,0.0333333333333333,0.128571428571429,0.123809523809524,0.0476190476190476,0.119047619047619,0.142857142857143,0.161904761904762,0.0619047619047619,0
"210",1,0,0.016,0.056,0.024,0.032,0.16,0.232,0.048,0.184,0.096,0.152,0
"211",1,0,0.043338683788122,0.12199036918138,0.0874799357945424,0.0112359550561798,0.0850722311396468,0.158908507223113,0.0513643659711076,0.158908507223113,0.0593900481540931,0.222311396468699,0
"212",1,0,0.023876404494382,0.125,0.124297752808989,0.0365168539325843,0.118679775280899,0.0870786516853934,0.0519662921348315,0.0941011235955058,0.137640449438202,0.200842696629212,0
